0 0.4824085266291763 0.062353787810383546 0.027826201786305 0.05274365688487584
0 0.4538090691366192 0.025651665914221074 0.016490453192193187 0.020660586907449208
0 0.432422997022825 0.026527693002257244 0.028855542176645717 0.03296819864559819
0 0.6123785061197486 0.7623676930022573 0.026013602381739994 0.04053616252821671
0 0.6101257611644062 0.7936429977426636 0.02928868541184254 0.03040155304740406
0 0.6060284062189878 0.8229933182844242 0.017409757194839563 0.04717348984198645
0 0.579197533575918 0.8247408216704287 0.03338704068805822 0.026208
0 0.5813482447899437 0.7871740496613994 0.028676482963943106 0.054509363431151245
0 0.5959920873304664 0.755377679458239 0.021505111478663578 0.04891644243792325
0 0.6153494885874958 0.7036647765237019 0.034819514389679125 0.043323521444695264
0 0.6079750499503804 0.6400697607223474 0.025808534568309626 0.05032263656884876
0 0.5426364432682765 0.6117683972911961 0.034819514389679125 0.039136794582392775
0 0.5701855534237512 0.6405953769751691 0.028468414158121073 0.04018575169300225
0 0.5488835090969236 0.6486297968397289 0.018230028448561034 0.04647266817155756
0 0.5861608362553755 0.6977259954853272 0.026830872643069797 0.048215620767494353
0 0.5691612146873966 0.6956258058690743 0.023145653986106515 0.05101663205417607
0 0.5481672722461132 0.7237542392776521 0.026628805822031098 0.0373870158013544
0 0.551751457492557 0.6924857607223474 0.023965925239827986 0.039136794582392775
0 0.5297321759841218 0.6963289029345371 0.02416799206086669 0.05310999548532731
0 0.5459125266291763 0.8561867810383744 0.016794553754548462 0.02830136343115124
0 0.5524676943433675 0.8261356388261849 0.02416799206086669 0.034588279909706546
0 0.5604563360899768 0.7805389977426634 0.014746876612636454 0.047521625282167045
0 0.5437648164075422 0.755377679458239 0.030519092292424745 0.04333034762979684
0 0.5266601601058551 0.7887486230248306 0.023350721799536883 0.04018575169300225
0 0.5296311425736024 0.848325291196388 0.021505111478663578 0.06219564785553047
0 0.5191846880582203 0.8729587178329569 0.027651143896791266 0.05205876297968397
0 0.49429845848494874 0.8698141218961624 0.02826634733708237 0.04996539954853273
0 0.5108899450876613 0.7987080270880359 0.024578127687727425 0.04472971557562076
0 0.4761724644392987 0.853740731376975 0.018637163083030105 0.05066622121896162
0 0.4586606735031426 0.836443178329571 0.02089290903076414 0.028656325056433406
0 0.46224485874958654 0.8123353679458237 0.026830872643069797 0.025857589164785554
0 0.5049499808137612 0.7276019322799095 0.021710179292093946 0.05695313769751693
0 0.48508241085014886 0.7373838555304739 0.022120314918954682 0.0597450474040632
0 0.47146090638438637 0.6748355214446949 0.032566769434336756 0.0492668532731377
0 0.45425521667217994 0.7321413453724602 0.032976905061197485 0.029002185101580136
0 0.43438764670856767 0.7171191873589162 0.031746498180615285 0.03878638374717833
0 0.41226933245120745 0.7190373453724603 0.030519092292424745 0.046823079006772
0 0.4106297902745617 0.6893388893905191 0.0358418524644393 0.05171517832957111
0 0.4392012385047966 0.8146039367945823 0.01761482500826993 0.026906546275395033
0 0.42435332848164076 0.8208931286681714 0.01659248693350976 0.029700731376975167
0 0.42210058352629837 0.7777425372460496 0.021097976844194507 0.05590190519187359
0 0.3997752007939134 0.7709277291196386 0.028468414158121073 0.04997222573363431
0 0.40049143764472384 0.8091884966139953 0.03154143036718492 0.02725240632054176
0 0.37918939331789614 0.8076184740406319 0.019662502150181938 0.05066622121896162
0 0.3680267019517036 0.7747731467268623 0.018640164075421767 0.05136476749435666
0 0.3585015521005624 0.8093637020316025 0.024578127687727425 0.03668846952595937
0 0.3969072523982799 0.8946250293453724 0.014131673172345352 0.02271526862302483
0 0.3619847039364869 0.8932256613995483 0.019252366523321202 0.02271526862302483
0 0.33965932120410186 0.8895554492099321 0.02990388885213364 0.013977751693002256
0 0.34385870989083694 0.9073786185101578 0.021915247105524314 0.032149056433408575
0 0.34979867416473703 0.7863025733634309 0.021097976844194507 0.05066622121896162
0 0.3323879166391003 0.8326000361173813 0.03379417532252729 0.03983079006772009
0 0.30760472113794246 0.8334760632054173 0.017816891829308634 0.026208
0 0.31784610783989414 0.8008036659142211 0.02355278862057559 0.039136794582392775
0 0.30391650148858745 0.8009788713318283 0.019867569963612306 0.04577412189616253
0 0.3488773695004962 0.7450701399548532 0.02662580482963943 0.06114669074492099
0 0.3747869374793252 0.6944061941309254 0.02478319550115779 0.05835250564334086
0 0.3509250466424082 0.7061108261851013 0.02949675421766457 0.04891644243792325
0 0.3515382494211049 0.6737888397291195 0.028673481971551437 0.04507330022573363
0 0.32532258021832616 0.7461190970654625 0.02539839894144889 0.04717348984198645
0 0.31846131128018523 0.7124000180586907 0.029698821038703277 0.038435972911963885
0 0.2762683585841879 0.762891033860045 0.039119936486933515 0.032499467268623024
0 0.3010515540853457 0.7433271873589162 0.025193331128018526 0.03040155304740406
0 0.30217692623221964 0.7108254446952594 0.019662502150181938 0.047872036117381486
0 0.2615214819715514 0.7262025643340855 0.019867569963612306 0.02480863205417607
0 0.28404893152497523 0.7277725869074492 0.019867569963612306 0.037737426636568844
0 0.27698459543499837 0.7068070970654625 0.03113129474032418 0.020965489841986457
0 0.32112319153159113 0.684621995485327 0.034207311941779686 0.02969618058690745
0 0.28773715117433013 0.6875891106094807 0.04117061462123718 0.02515904288939052
0 0.2856894740324181 0.6643550519187356 0.030929227919285478 0.026208
0 0.3213282593450215 0.6599885688487585 0.03871280185246444 0.03284532731376975
0 0.34099076149520346 0.6460085417607222 0.03461744756864042 0.03074513769751693
0 0.31313454978498184 0.6336053634311511 0.03338704068805822 0.04158056884875846
0 0.3879973059874297 0.6210269796839729 0.021710179292093946 0.059051051918735886
0 0.37017741316572944 0.6252228081264107 0.017204689381409195 0.054859774266365686
0 0.3480560979159775 0.6180575891647855 0.03236170162090638 0.04053161173814898
0 0.3607562977174992 0.5369920902934535 0.024985262322196493 0.03354387358916478
0 0.3479560648362554 0.572460948081264 0.01577221567978829 0.05066622121896162
0 0.3146710578895137 0.6075748442437923 0.031134295732715846 0.03983534085778781
0 0.3099615004961958 0.5818924604966138 0.03727732715845187 0.0213159006772009
0 0.31108787297386703 0.5553363250564333 0.034614446576248764 0.03878638374717833
0 0.28292455970889846 0.5729797381489841 0.02539839894144889 0.04193097968397291
0 0.2824133906715184 0.6009329661399547 0.031746498180615285 0.030749688487584647
0 0.2855854396295071 0.6311593137697515 0.02294058617267615 0.04577412189616253
0 0.25588861925239825 0.6535241715575618 0.031134295732715846 0.052759584650112865
0 0.2546572120410189 0.6075725688487583 0.034819514389679125 0.04262952595936795
0 0.22516345881574595 0.5649453182844242 0.02949375322527291 0.04612225733634311
0 0.2816951531591135 0.543279006772009 0.02662580482963943 0.05101663205417607
0 0.2698152246113133 0.524238501128668 0.019252366523321202 0.05416577878103837
0 0.2613154138273238 0.4966334085778779 0.02355578961296725 0.05555832054176072
0 0.2470807065828647 0.5230166139954852 0.026215669202778697 0.04612225733634311
0 0.23253889778365863 0.5100878194130924 0.017204689381409195 0.05310999548532731
0 0.25250750115779025 0.4733970744920991 0.029698821038703277 0.04333034762979684
0 0.29224464174660936 0.4859754582392774 0.0178198928217003 0.057303548532731376
0 0.3084239920608667 0.47601832957110596 0.0178198928217003 0.053460406320541755
0 0.32030292027786966 0.47828917381489816 0.016999621567978827 0.059401462753950335
0 0.32798546080052926 0.5034482167042886 0.02416799206086669 0.05101663205417607
0 0.3546112656301687 0.5062401264108352 0.038094597419781676 0.04193097968397291
0 0.37447883559378103 0.4971590248306995 0.028263346344690705 0.047521625282167045
0 0.40049143764472384 0.4466680090293453 0.0184350962619914 0.05625914221218962
0 0.3830816804498842 0.43757780586907435 0.03154143036718492 0.0422791151241535
0 0.3579903830631823 0.451207422121896 0.015769214687396626 0.059051051918735886
0 0.4219975494541846 0.4003659954853272 0.02089290903076414 0.05171517832957111
0 0.4095024174660933 0.38289551241534975 0.027856211710221634 0.0587029164785553
0 0.4287557843202117 0.312836099322799 0.021303044657624875 0.06324460496613996
0 0.3994670989083692 0.3427120361173813 0.03604992127026133 0.030749688487584647
0 0.3850263235196824 0.4066551873589163 0.026830872643069797 0.048222446952595935
0 0.36679829573271583 0.41434374717832934 0.018637163083030105 0.05311454627539503
0 0.38072590142242807 0.3785267539503385 0.03953407343698313 0.04158056884875846
0 0.36413641548131 0.3580891557562075 0.027651143896791266 0.047521625282167045
0 0.36485265233212044 0.31021711963882603 0.029083617598412173 0.06149482618510158
0 0.3896358478332782 0.2733534446952594 0.031134295732715846 0.06324460496613996
0 0.44391379689050614 0.12851772460496605 0.02048277340390341 0.05520790970654627
0 0.39823669202778694 0.1606645056433407 0.02949375322527291 0.04333034762979684
0 0.3750940390340721 0.15035469074492083 0.03399924313595765 0.06045041986455982
0 0.3462144889182931 0.24662210383747163 0.03236170162090638 0.046823079006772
0 0.2977734700628515 0.19455651467268606 0.029698821038703277 0.06429356207674944
0 0.3008454859411181 0.26356924604966125 0.032976905061197485 0.05835705643340858
0 0.3351518306318227 0.29362038826185083 0.03277183724776712 0.04927140406320542
0 0.3428333708236851 0.3189523611738147 0.031746498180615285 0.05380854176072234
0 0.28077384849487264 0.45225637923250545 0.01945743433675157 0.06743815801354401
0 0.2700202924247436 0.438801968397291 0.02416799206086669 0.0587029164785553
0 0.33453862785312605 0.3883109525959366 0.033178971882236195 0.04087974717832957
0 0.32112319153159113 0.424478356659142 0.03379717631491895 0.038435972911963885
0 0.2998211472047635 0.43391214446952586 0.028468414158121073 0.05310999548532731
0 0.31057370294409525 0.38184655530474026 0.01761482500826993 0.054509363431151245
0 0.31825524313595766 0.34480767494356646 0.027651143896791266 0.05800209480812641
0 0.2924477088984453 0.3788794401805867 0.01822702745616937 0.05625914221218962
0 0.2977734700628515 0.33380386455981925 0.017002622560370495 0.06463942212189616
0 0.27442474892490903 0.30619877200902923 0.016999621567978827 0.06254605869074492
0 0.27421968111147865 0.37311358916478543 0.021094975851802845 0.06010228442437923
0 0.2513831293417136 0.4092764424379231 0.02539839894144889 0.04786748532731377
0 0.24493099569963614 0.45208117381489826 0.032566769434336756 0.046129083521444694
0 0.2261887978828978 0.43338880361173804 0.03440937876281839 0.04717348984198645
0 0.22905574594773404 0.40997726410835206 0.022530450545815418 0.03599219864559819
0 0.23632615018193848 0.38586490293453707 0.037892530598742966 0.032499467268623024
0 0.21574234336751572 0.3753821580135438 0.024988263314588158 0.048566031602708795
0 0.23243586371154484 0.3528352686230246 0.03871280185246444 0.03356207674943566
0 0.24984662123718163 0.32890948984198626 0.032976905061197485 0.05066622121896162
0 0.20191877208071454 0.42150669074492086 0.019867569963612306 0.05206558916478555
0 0.18747799669202778 0.40281432054176053 0.020889908038372478 0.0587029164785553
0 0.16648405425074428 0.42954338600451447 0.022732517366854117 0.05206558916478555
0 0.16463944426066823 0.3827203069977425 0.021094975851802845 0.059051051918735886
0 0.19392812967251077 0.3603599999999998 0.027241008269930533 0.06045041986455982
0 0.21226119219318557 0.2745753318284423 0.04055241018855441 0.04402889390519187
0 0.24697767251075092 0.2735263747178328 0.03379717631491895 0.060800830699774266
0 0.26459149718822367 0.25728005417607214 0.03543471782997023 0.036693020316027086
0 0.252917636784651 0.193159422121896 0.01577221567978829 0.04891644243792325
0 0.2685878187231227 0.17184807223476284 0.030724160105855113 0.06149482618510158
0 0.2363281508435329 0.16345869074492086 0.03584485345683096 0.04193097968397291
0 0.23939916639100234 0.12555060948081248 0.03912293747932517 0.03878638374717833
0 0.19259869004300365 0.1610126410835213 0.023350721799536883 0.06429356207674944
0 0.17467576314918953 0.2312495349887132 0.021505111478663578 0.05380854176072234
0 0.16545971551438968 0.195257336343115 0.0383026662256037 0.029350320541760722
0 0.16484451207409856 0.15454824379232485 0.035431716837578564 0.05835250564334086
0 0.1427241971551439 0.30777106997742654 0.0358418524644393 0.05311454627539503
0 0.12080895004961958 0.26514154401805856 0.02232538273238505 0.06708774717832956
0 0.12773023883559378 0.3740897336343114 0.024578127687727425 0.07023689390519187
0 0.21553727555408533 0.5053686501128667 0.02334772080714522 0.053460406320541755
0 0.20529588885213365 0.4662318555304739 0.034819514389679125 0.03528682618510158
0 0.1878881323188885 0.48737255079006747 0.0184350962619914 0.05310999548532731
0 0.17375445848494872 0.4587207765237019 0.022937585180284485 0.06009545823927765
0 0.14784489050611976 0.4569755485327311 0.018230028448561034 0.05171517832957111
0 0.1373994363215349 0.4990794582392776 0.03420431094938803 0.048566031602708795
0 0.12848948991068476 0.4592441173814896 0.021300043665233213 0.0492668532731377
0 0.12705601587826662 0.42273085327313753 0.039325004300363876 0.03144368397291196
0 0.10296204829639431 0.40764043340857775 0.03854774727092292 0.02766425282167043
0 0.10615610453192192 0.46975871783295686 0.029315694343367515 0.03202618510158014
0 0.10246488389017532 0.5027587720090292 0.03556075951042011 0.037371088036117384
0 0.0930767793582534 0.45617005869074473 0.03015597221303341 0.0567779322799097
0 0.05445100628514721 0.5153781128668171 0.018362072113794245 0.05144440632054176
0 0.07024622957327158 0.5231417607223475 0.02005663248428713 0.054841571106094805
0 0.08595742507442938 0.5304230248306996 0.020780871981475355 0.05823873589164785
0 0.10722945947734039 0.5385530112866816 0.030012924909030764 0.04683445598194131
0 0.15281553423751243 0.5205955936794582 0.029301689712206418 0.05605435665914221
0 0.7497059186238836 0.8195938781038374 0.012881259675818723 0.025316045146726862
0 0.1919964909030764 0.5522622663656883 0.0331559642739001 0.03494324153498871
0 0.20793276083360898 0.5693709616252821 0.03911393450215018 0.01965486230248307
0 0.21823716837578563 0.5999431693002254 0.019358401587826663 0.05799071783295711
0 0.22712710817069137 0.6299101218961622 0.019784542507442937 0.036399494356659144
0 0.20757664306979823 0.623964514672686 0.02816031227257691 0.05168787358916478
0 0.2132585219980152 0.6653380225733634 0.03500457558716507 0.038825065462753945
0 0.24491399007608336 0.6903332370203158 0.029728830962619912 0.02572334085778781
0 0.22044990009923915 0.6836595033860043 0.026880889182930863 0.03955319187358916
0 0.23652121468739662 0.7127754582392776 0.03172048957988753 0.03032646501128668
0 0.25962985643400593 0.7524492460496613 0.033013917300694674 0.03591483521444695
0 0.24135781409196164 0.7462601715575619 0.030298019186238836 0.0342151151241535
0 0.22592471055243135 0.7369219503386002 0.027879219318557722 0.04658643792325056
0 0.21717781806152828 0.7585154492099321 0.027164983129341715 0.045134735891647855
0 0.2152581832616606 0.7855721715575619 0.03185953556070129 0.027905444695259594
0 0.2864387217995369 0.8123877020316026 0.020638825008269933 0.05387225282167042
0 0.2641883638769434 0.8075342844243789 0.029870877935825338 0.03785574717832957
0 0.25813636255375455 0.8435697155756204 0.03173349388025141 0.022567367945823927
0 0.23517076811114787 0.811536704288939 0.033569100893152494 0.028392379232505642
0 0.20863499305325836 0.8127494898419864 0.021492107178299705 0.03469977426636569
0 0.2900749242474363 0.8832412279909706 0.021902242805160437 0.057262591422121895
0 0.2589956467085676 0.8896692189616251 0.033142959973536223 0.05702595033860045
0 0.23929513198809133 0.8848158013544015 0.025034278531260338 0.040040126410835215
0 0.21476001852464438 0.8811797200902932 0.03825965200132319 0.05022479458239277
0 0.2118440542507443 0.83980848758465 0.038117605028117764 0.02523640632054176
0 0.1943432669533576 0.8012246139954853 0.020495777704267283 0.018926735891647856
0 0.20010217135296063 0.7008865191873587 0.0143827562024479 0.05362195936794582
0 0.19349698709890836 0.7232104198645597 0.018491114786635794 0.045858311512415345
0 0.1811859159775058 0.7556029435665913 0.018931260337413165 0.05192906546275394
0 0.18673375057889516 0.6667942753950338 0.018077978167383397 0.052416
0 0.1874509877605028 0.6067374988713317 0.0160733152497519 0.06138788261851016
0 0.17151971948395633 0.6134112325056431 0.020909914654316904 0.060659756207674935
0 0.15473516903738008 0.6354893905191872 0.03968612371816077 0.042224505643340855
0 0.1620605914654317 0.6707989706546273 0.027595125372146874 0.03955319187358916
0 0.1420049593119418 0.6568439729119636 0.015077986106516705 0.035427900677200905
0 0.15373283757856435 0.6909384920993225 0.03657009328481641 0.04586286230248307
0 0.19064504399603044 0.779749435665914 0.029599788289778366 0.048775367945823926
0 0.1814770122394972 0.8280378690744918 0.028875548792590144 0.028392379232505642
0 0.16255175388686735 0.8035295891647853 0.0166555077737347 0.05071627990970654
0 0.16810659080383725 0.7484468261851013 0.01522003307972213 0.05507821218961625
0 0.15273750843532913 0.7330378510158011 0.019784542507442937 0.04707109706546275
0 0.11000337677803507 0.7156879638826182 0.01735373867019517 0.027900893905191872
0 0.12791630036387694 0.7109551422121895 0.030738164737016207 0.034938690744920994
0 0.13880590142242805 0.6001866365688486 0.04138968706582865 0.0385770474040632
0 0.11070760965927887 0.5823498148984196 0.02675484750248098 0.05289610835214447
0 0.1274261382732385 0.6405862753950337 0.01777687859741978 0.0485319006772009
0 0.11540816407542177 0.6542978058690743 0.01792292689381409 0.05023162076749435
0 0.1154711849156467 0.6871772641083521 0.040264314918954686 0.030574483069977423
0 0.08909346212371817 0.6704349074492096 0.018491114786635794 0.050959747178329566
0 0.09876566060205094 0.6352481986455981 0.02019867945749256 0.05192906546275394
0 0.07942126364538538 0.6220236027088034 0.024180996361230566 0.04586286230248307
0 0.07237993516374464 0.6524774898419862 0.018918256037049292 0.05678248306997743
0 0.1241480542507443 0.7821750067720088 0.03144539861065167 0.029361697516930022
0 0.12507936222295735 0.7460189796839728 0.03783351108170691 0.03178954401805869
0 0.10474063645385379 0.7813262844243791 0.019345397287462783 0.056297823927765236
0 0.10153957790274562 0.8126288939051916 0.031151301356268608 0.035427900677200905
0 0.09001776778035064 0.7644610564334083 0.017495785643400593 0.0541134446952596
0 0.0770034641085015 0.7640969932279909 0.023611808137611646 0.05775407674943566
0 0.07344728812437976 0.7996477652370201 0.028164313595765794 0.040040126410835215
0 0.0491962686073437 0.8316785011286679 0.027449077075752563 0.04100944469525959
0 0.04677946940125703 0.7767140586907448 0.018064973867019517 0.041252911963882616
0 0.05687680846840887 0.7479621670428891 0.023750854118425407 0.05604980586907449
0 0.07053132385047965 0.7119267358916476 0.02346976116440622 0.0441585914221219
0 0.05161406814422759 0.7024656433408575 0.01663950248097916 0.036399494356659144
0 0.06349199603043335 0.6735886049661397 0.017634831624214357 0.04804724153498871
0 0.03234169500496196 0.712654862302483 0.023043620244789946 0.0567779322799097
0 0.0283523757856434 0.6710401625282166 0.035573763810784 0.039068532731376976
0 0.05282346807806814 0.6314869706546274 0.025031277538868673 0.04149637923250564
0 0.03191555408534569 0.627966934537246 0.022758525967581874 0.03300232957110609
0 0.04329331657294078 0.5969100677200901 0.037548416804498844 0.03542334988713318
0 0.04314426728415482 0.5651227990970653 0.03471748064836255 0.03348698871331828
0 0.04386350512735693 0.532728 0.023327714191200794 0.033730455981941306
0 0.010056325504465762 0.6277280180586906 0.020112651008931524 0.06842567945823928
0 0.018687179622891167 0.5772529300225732 0.023896902414819718 0.06648476749435665
0 0.00550281971551439 0.5666973724604965 0.01100563943102878 0.06284413544018058
0 0.02998891696989745 0.5068840632054173 0.03457843466754879 0.04998815349887133
0 0.07472671121402581 0.45058851467268607 0.019629491233873638 0.044645525959367945
0 0.07024823023486602 0.4228059413092549 0.04053540456500166 0.03518670880361174
0 0.055383314588157456 0.44816521896162514 0.02787621832616606 0.02523640632054176
0 0.045355998676811116 0.4646641083521442 0.03456142904399603 0.03202618510158014
0 0.023949919947072445 0.47461213544018044 0.03129334832947403 0.0373642618510158
0 0.014250712537214688 0.4434323972911962 0.028501425074429376 0.03324579683972912
0 0.027641140588819054 0.4172266726862301 0.042402021832616606 0.028392379232505642
0 0.038522739000992394 0.3780352686230246 0.021492107178299705 0.04707564785553047
0 0.09129218921601058 0.3216191241534987 0.021776201124710553 0.06624130022573363
0 0.038030576248759516 0.3110635665914219 0.040109263645385376 0.03930517381489842
0 0.04905422163413827 0.26726448758465005 0.03598389943764472 0.04926002708803612
0 0.07259300562355275 0.2093920902934536 0.015647174330135627 0.0567779322799097
0 0.09001776778035064 0.2420280812641082 0.017495785643400593 0.05071627990970654
0 0.1028910248097916 0.22540632054176057 0.01792292689381409 0.055813164785553045
0 0.11512407012901091 0.212425191873589 0.03385419517036057 0.03906398194130925
0 0.12344482170029772 0.17311774266365673 0.021194008600727756 0.04537820316027088
0 0.10217978961296725 0.17457399548532712 0.01763783261660602 0.04295035665914221
0 0.08560230764141581 0.18185070880361162 0.018077978167383397 0.059931629796839726
0 0.10687434204432683 0.14557408577878095 0.02133605557393318 0.02572334085778781
0 0.1333290903076414 0.09777031151241526 0.02844540654978498 0.06309215349887133
0 0.12379893880251407 0.12155046501128657 0.02303961892160106 0.06406374717832956
0 0.09584369434336751 0.1243423747178328 0.03230268210387033 0.04634979683972912
0 0.11028747072444592 0.08442739503385988 0.01735373867019517 0.04852734988713318
0 0.07941426132980484 0.08103023024830691 0.03984117499173007 0.04076142663656884
0 0.06177642871319881 0.1729925959367944 0.03329801124710552 0.05532167945823928
0 0.06256669004300365 0.11415088036117363 0.029156641746609327 0.03324579683972912
0 0.02081988488256699 0.17481291196388246 0.02133605557393318 0.05168104740406321
0 0.03240671650678135 0.14339198194130906 0.021492107178299705 0.053385318284424374
0 0.05104487992060867 0.06513432054176052 0.03200158253390671 0.04925547629796839
0 0.030065942441283494 0.08891219864559803 0.029870877935825338 0.03712762076749436
0 0.008489807476017202 0.10517217155756188 0.016979614952034403 0.06576119187358916
0 0.5130966748263315 1.1002593047404063 0.032206650347337086 0.02264018058690745
0 0.6411970360568972 1.1575674040632051 0.025821538868673503 0.0516469164785553
0 0.021674167383393977 0.33108249209932267 0.018776209063843863 0.06138788261851016
0 0.07429356797882898 0.29529280361173804 0.029883882236189218 0.056297823927765236
0 0.015175018193847171 0.39526455981941294 0.030351036718491566 0.04270916478555304
0 0.0975572609990076 0.7304894085778778 0.026599796228911676 0.0453713769751693
0 0.14925235593781014 0.7772237471783295 0.025332377108832287 0.054796063205417606
0 0.18112789679126695 0.5322774717832955 0.027853210717829972 0.04647266817155756
0 0.15736803969566657 0.32541675846501117 0.030721159113463445 0.05835250564334086
0 0.2268040013231889 0.3144106726862301 0.024988263314588158 0.05240917381489842
0 0.3455982851472048 0.43723194582392766 0.02294058617267615 0.0597450474040632
0 0.38226240952695995 0.47828917381489816 0.033178971882236195 0.04333034762979684
0 0.2497435871650678 0.567550645598194 0.042192952695997356 0.044345173814898414
0 0.3354599325173669 0.5383891828442436 0.023145653986106515 0.05520790970654627
0 0.32808649421104863 0.5687884604966139 0.028061279523652 0.032149056433408575
0 0.3611644326827655 0.5733324243792325 0.02416799206086669 0.05240917381489842
0 0.38123707045980815 0.5445031693002255 0.02539839894144889 0.05276413544018059
0 0.2929608785974198 0.7768665101580133 0.033178971882236195 0.023409264108352146
0 0.6418722593450216 0.6931820316027086 0.01577221567978829 0.04751707449209932
0 0.6568262044326828 0.7047114582392776 0.017409757194839563 0.04891644243792325
0 0.7222308329474032 0.5351035124153497 0.028465413165729408 0.046697932279909704
0 0.7659793000330798 0.6123281444695259 0.01647744889182931 0.05158548081264108
0 0.7314568838901753 0.21673934085778765 0.026480756864042342 0.05890997742663657
0 0.9519668038372479 0.16561348984198626 0.0166555077737347 0.05433415801354402
0 0.9437460853456832 0.34158344018058673 0.034174301025471386 0.03204893905191873
0 0.9160039113463447 0.42811671331828427 0.028111296063513064 0.05006096613995485
0 0.8846115302679457 0.37027617155756193 0.024333046642408204 0.049751512415349884
0 0.8127667720807146 0.42918614898419843 0.01594127158451869 0.05524886681715575
0 0.8716412411511744 0.45894604063205396 0.015567147866357923 0.04639302934537246
0 0.8898912762156798 0.4697814717832956 0.021647158451869004 0.046697932279909704
0 0.7931842963943103 0.501525507900677 0.01896427125372147 0.052805092550790064
0 0.8813924657624876 0.520449968397291 0.015746207079060538 0.054029255079006765
0 0.9185987694343367 0.5412061218961625 0.022920579556731723 0.04181720993227991
0 0.895696195831955 0.5546377787810384 0.015766213695004964 0.049751512415349884
0 0.9238765147204764 0.5676098058690743 0.03025500496195832 0.03724139051918736
0 0.8497219927224612 0.5398340586907449 0.031849532252729074 0.02624668171557562
0 0.8505272590142242 0.5659305643340856 0.034174301025471386 0.03327310158013544
0 0.8125947151835925 0.5627290835214447 0.03488953754548462 0.031134230248307
0 0.8696625868342707 0.7312152595936794 0.02238140125702944 0.05067077200902934
0 0.802309313926563 0.7037466907449209 0.033278004631161096 0.03357800451467268
0 0.8235013218656964 0.8030972641083518 0.02667882236189216 0.041207404063205416
0 0.7913947045980814 0.7701358916478552 0.020036625868342706 0.05585867268623025
0 0.7891579649354945 0.7164138148984198 0.027731170360568973 0.04791754401805869
0 0.7769019120079391 0.7669298600451464 0.017535798875289447 0.045790049661399546
0 0.45196645980813765 0.8783263747178327 0.017594818392325504 0.05493713769751692
0 0.44821521931855773 0.9166622302483067 0.028280351968243467 0.03190103837471783
0 0.43801684684088654 0.9718064288939049 0.03117730995699636 0.03179409480812641
0 0.4612855415150513 0.9887080632054174 0.021617148527952365 0.034615584650112864
0 0.44897647105524313 1.0186090293453722 0.03252075421766457 0.028740514672686228
0 0.48447120873304667 1.0006743656884873 0.01938140919616275 0.052397796839729116
0 0.4709027217995369 0.9601040722347627 0.02445208600727754 0.03892290744920993
0 0.49870791663910025 0.9842687674943565 0.03235569963612306 0.03892290744920993
0 0.4772398173999339 0.9000746004514673 0.012375092292424743 0.040954835214446955
0 0.5199569434336753 0.9290722347629796 0.031611453522990406 0.026201173814898417
0 0.5207011895468079 0.9555259774266365 0.03131335494541845 0.034340261851015796
0 0.5977866807806815 0.8596317291196386 0.029520762156797883 0.03179409480812641
0 0.6288669586503474 0.8858329029345372 0.02312564737016209 0.04959906094808127
0 0.6777821343036718 0.818931738148984 0.014465783658617268 0.044513553047404064
0 0.7014869732054251 0.9639176343115121 0.018037964935494543 0.047567133182844244
0 0.676878835593781 0.9266557652370202 0.01924936553092954 0.04018575169300225
0 0.6803889963612305 0.9551437110609479 0.014908930201786305 0.0468003250564334
0 0.6619749070459808 0.9715515846501126 0.01505797949057228 0.05316005417607223
0 0.6434867932517367 0.9863029706546274 0.01744576910353953 0.037901255079006775
0 0.6302824267284155 0.9248764063205415 0.02059180946080053 0.03662475846501128
0 0.6141070777373471 0.9931701128668169 0.018653168375785643 0.047562582392776526
0 0.603154455838571 0.9885942934537243 0.012825241151174331 0.0455306546275395
0 0.5303923943102878 0.9996436117381489 0.0181910155474694 0.05496671783295711
0 0.7605304981806154 0.8863403160270878 0.019143330466424083 0.025514004514672686
0 0.7135249540191863 0.7456799458239275 0.02691690109163083 0.027702934537246048
0 0.7419133417135296 0.7192466817155754 0.031687478663579224 0.0404223927765237
0 0.12756018260006616 0.549957291196388 0.02860445914654317 0.047319115124153495
0 0.47298841151174326 0.932885796839729 0.02266249421104863 0.04247707449209932
0 0.4346627376778035 0.9392455259593678 0.037290331458815745 0.026201173814898417
0 0.4047688521336421 0.960231494356659 0.019844562355276218 0.06206595033860045
0 0.41983483427059215 0.9607275304740404 0.021323051273569305 0.04021533182844243
0 0.4025391147866358 1.0086883069977424 0.023410741647370163 0.05316688036117381
0 0.4168458458484949 1.0236968126410835 0.014776886536553093 0.04400613995485327
0 0.4423482791928548 0.9874383927765236 0.025200333443599073 0.025461670428893905
0 0.43361939265630167 1.0163177065462754 0.027151978828977838 0.039937733634311516
0 0.4574822838240159 0.960358916478555 0.025345381409196163 0.03637218961625282
0 0.47425783129341714 1.0100876749435665 0.019530458484948728 0.056980442437923245
0 0.43556403572609986 1.0476043882618509 0.028329368177307312 0.042984487584650115
0 0.45039994177968906 1.0750752325056432 0.03474048825669865 0.02823310158013544
0 0.4528597552100562 1.0477340857787807 0.02266249421104863 0.04629291196388261
0 0.4665782917631492 1.0442959638826184 0.017297720145550775 0.05468911963882619
0 0.48528947932517363 1.0696074582392776 0.030566107839894146 0.03663158465011286
0 0.4860287237843202 1.0417543476297966 0.03117730995699636 0.024672108352144468
0 0.5051980628514721 1.0080534717832954 0.031019257691035394 0.026963431151241533
0 0.4992320899768442 1.0257310158013542 0.02862746675487926 0.02823310158013544
0 0.5131726999669203 0.9768919367945821 0.024002937479325172 0.022635629796839727
0 0.49289399404565 0.9424265282167043 0.02996991068475025 0.050361318284424375
0 0.4905012027786967 0.9047641896162527 0.020142660932848166 0.030039765237020316
0 0.5186074971882236 0.8985341580135439 0.019398414819715513 0.027748442437923248
0 0.5379909070459808 0.8989164243792322 0.014326737677803507 0.026478772009029344
0 0.5497768044988421 0.8988003792325056 0.02206729738670195 0.02823310158013544
0 0.5383630301025472 0.9384832686230246 0.013284392987098909 0.03535508803611738
0 0.5458184955342374 0.9543814537246048 0.021932252729077076 0.047307738148984195
0 0.5664013020178631 0.8998197562076748 0.010287401918623883 0.03331860948081264
0 0.5878714019186239 0.9054172279909704 0.013566486271915316 0.0323015079006772
0 0.6043468501488587 0.9084548803611737 0.02445208600727754 0.01757970203160271
0 0.6188856579556732 0.8526348893905191 0.01327138868673503 0.0493464920993228
0 0.6074028607343699 0.8863380406320539 0.02728402249421105 0.03027185553047404
0 0.6500459622891168 0.8686582212189615 0.02310964207740655 0.04578549887133183
0 0.6571223023486602 0.8379995485327313 0.014032640423420444 0.019611629796839728
0 0.681358316903738 0.8582323611738146 0.018640164075421767 0.048836803611738144
0 0.666812506781343 0.871331810383747 0.014028639100231558 0.01958204966139955
0 0.6986540363876944 0.8323998013544016 0.025200333443599073 0.021641282167042888
0 0.6985790115779027 0.8744968848758463 0.028326367184915647 0.033093345372460496
0 0.7254168865365531 0.8536383386004512 0.0223653959642739 0.027493598194130924
0 0.7281757988752895 0.889393896162528 0.024899233873635462 0.04247707449209932
0 0.7225839497188223 0.9103775891647854 0.01998060734369831 0.028995358916478555
0 0.7197440105855111 0.9786735711060948 0.03281885279523652 0.04654548081264108
0 0.7166129751902084 0.9528546636568848 0.02774717565332451 0.026963431151241533
0 0.6966343685081046 0.9251289751693001 0.020294711214025804 0.0361173453724605
0 0.6932862613298049 0.9758748352144467 0.015060980482963943 0.040948009029345374
0 0.6793386490241482 0.9906262212189614 0.019100316242143565 0.017042708803611736
0 0.6753113172345353 1.0336129841986454 0.025362387032748925 0.040954835214446955
0 0.6657031399272246 1.0216603340857784 0.02162114985114125 0.02161852821670429
0 0.6482503685081045 1.0235671151241532 0.029090619913992723 0.028487945823927763
0 0.6525818008600728 0.9219502483069975 0.015954275884882567 0.012466889390519188
0 0.6110570691366193 0.9232085417607221 0.018786212371816078 0.02571651467268623
0 0.6227619397949057 0.9598492279909704 0.02668882566986437 0.02416014446952596
0 0.6598872166721799 0.8956079999999998 0.015951274892490902 0.019864198645598193
0 0.6321550459808137 1.0568834492099322 0.034737487264306983 0.036128722347629795
0 0.6064335401918625 0.9500582031602707 0.015508128349321866 0.030524424379232504
0 0.5858517340390341 0.9700247945823925 0.03043306384386371 0.02365045598194131
0 0.5890657968905062 0.9960962708803609 0.020724853456830963 0.038153823927765236
0 0.5830267998676811 1.016190284424379 0.013119338405557393 0.050361318284424375
0 0.5813782547138604 1.0458273047404063 0.028346373800860074 0.020603702031602708
0 0.571694052265961 1.0150343837471782 0.011332747601720147 0.044536306997742664
0 0.5603553026794574 0.9824871331828442 0.030430062851472046 0.027721137697516926
0 0.5602812782004631 1.0049998916478553 0.026404731723453524 0.033070591422121896
0 0.5449302017863049 1.007912397291196 0.021915247105524314 0.03589208126410835
0 0.5561128997684419 1.0310713679458237 0.031161304664240823 0.025179521444695256
0 0.5458254978498182 1.0453153408577878 0.03086320608666887 0.026704036117381487
0 0.553645083691697 1.0671909887133182 0.03192155607012901 0.02161852821670429
0 0.5405247449553424 1.0897037471783293 0.020294711214025804 0.029002185101580136
0 0.5305354416142904 1.0771139864559818 0.015521132649685743 0.039937733634311516
0 0.5136928719814753 1.0782562347629794 0.022960592788620577 0.028995358916478555
0 0.4158085028117764 0.9120318013544015 0.02937471386040357 0.03891608126410835
0 0.415883527621568 0.8915532460496614 0.0196795077737347 0.017297553047404064
0 0.4380248494872643 0.8963884604966138 0.02579553026794575 0.02187337246049661
0 0.4643415521005623 0.8853209390519186 0.013420437975521006 0.051128126410835216
0 0.5834729474032418 0.948149146726862 0.02803126959973536 0.025689209932279907
0 0.5632632643069799 0.9419191151241533 0.015670181938471715 0.048836803611738144
0 0.7699236043665234 0.8253187720090291 0.025048283162421435 0.019101941309255077
0 0.7308286761495203 0.8137825191873587 0.021293041349652663 0.026551584650112866
0 0.7060484816407542 0.7837177246049658 0.019321389348329474 0.025643702031602707
0 0.7093495732715845 0.811648198645598 0.03204459675818723 0.0424270158013544
0 0.69799681905392 0.7925667358916476 0.013956615282831625 0.027470844243792324
0 0.7793167105524313 0.8030995395033858 0.013420437975521006 0.03632668171557562
0 0.7618619384717169 0.7988263476297968 0.021488105855110816 0.03631985553047404
0 0.7479973536222296 0.7914995756207674 0.020948927555408534 0.0387704559819413
0 0.7540013390671518 0.7635713769751692 0.018250035064505458 0.02075615349887133
0 0.7671416844194509 0.7730324695259593 0.01808798147535561 0.023199927765237018
0 0.7330564128349322 0.7583834762979682 0.02220334237512405 0.03967833860045146
0 0.7685741581210718 0.7307579051918734 0.017730863380747603 0.03082932731376975
0 0.7565861938471717 0.734116388261851 0.01701662719153159 0.030219521444695256
0 0.7259100496195833 0.7095443972911963 0.013241378762818393 0.025029345372460494
0 0.70399080119087 0.6996236749435665 0.0223653959642739 0.04059304740406321
0 0.7047070380416806 0.6672675575620766 0.02415498776050281 0.027775747178329573
0 0.682072553092954 0.6520087584650112 0.026122638438637113 0.040597598194130925
0 0.7269734012570294 0.677647909706546 0.013615502480979159 0.03876362979683973
0 0.7490787112140258 0.6810041173814896 0.02630169765133973 0.03388290744920993
0 0.7675898326166061 0.6979444334085777 0.023635816076744955 0.03662475846501128
0 0.739239457492557 0.8827679458239277 0.01663950248097916 0.04059304740406321
0 0.7568522818392326 0.8552948261851014 0.028286353953026797 0.03876362979683973
0 0.7829759206086669 0.8977218419864557 0.01611933046642408 0.022895024830699773
0 0.7818125358914985 0.8572653182844243 0.02166716506781343 0.046427160270880355
0 0.7973886867350314 0.8098165056433407 0.02165115977505789 0.04548059593679458
0 0.8331625167052598 0.8087470699774264 0.02238140125702944 0.03296819864559819
0 0.8328154019186238 0.8339129390519187 0.023440751571286802 0.03208306997742663
0 0.8177754283824017 0.9021497607223473 0.02274252067482633 0.044559060948081264
0 0.8627833119417797 0.8974169390519185 0.02361580946080053 0.023504830699774267
0 0.8439080701290109 0.8801717200902932 0.015207028779358254 0.04945343566591422
0 0.8544645610320873 0.8400200993227991 0.026658815745947733 0.034520018058690746
0 0.922623100231558 0.8473582483069975 0.009500141581210719 0.04181720993227991
0 0.908944576910354 0.8975716659142209 0.031849532252729074 0.04944660948081264
0 0.8807562553754549 0.8473605237020314 0.023456756864042343 0.046088126410835206
0 0.8674358504796559 0.7817358555304739 0.03149141382732385 0.039983241534988716
0 0.8464128984452531 0.7831056433408576 0.01234908369169699 0.03724139051918736
0 0.8229641442275885 0.777765291196388 0.029182650347337084 0.04364662753950339
0 0.8247537360238174 0.7577736704288939 0.024532112471055245 0.039068532731376976
0 0.8128548011908701 0.7528883972911963 0.021130987760502814 0.048836803611738144
0 0.8070408785974198 0.7361005327313769 0.031329360238174 0.03296819864559819
0 0.8320901620906385 0.7116809932279907 0.018445099569963614 0.04761946726862302
0 0.8258290916308303 0.6863444695259591 0.025603466754879258 0.025636875846501126
0 0.8938255772411512 0.7409835304740405 0.018070975851802847 0.02624668171557562
0 0.8509664042342044 0.7025111512415347 0.02685388025140589 0.029334392776523704
0 0.8525769368177307 0.731674889390519 0.030075945749255706 0.030214970654627537
0 0.8952500482963943 0.7895177065462752 0.022738519351637447 0.05006096613995485
0 0.9050913026794576 0.7075625282167041 0.025603466754879258 0.027775747178329573
0 0.9186988025140589 0.733659033860045 0.0223653959642739 0.0567779322799097
0 0.9129619053919947 0.6657453182844242 0.03204459675818723 0.0192316388261851
0 0.9138572014555078 0.6362880541760719 0.028111296063513064 0.04334627539503386
0 0.8625142229573272 0.6883286139954853 0.02451210585511082 0.041207404063205416
0 0.8695815600396957 0.6669626546275395 0.026122638438637113 0.03388290744920993
0 0.8508763744624546 0.6536879999999999 0.023817876281839234 0.04639302934537246
0 0.8329834574925571 0.6559747720090291 0.025960584849487264 0.03510251918735891
0 0.8310158068144228 0.6419355846501126 0.021310046973205425 0.025338799097065462
0 0.8176863989414489 0.64224048758465 0.02470717036056897 0.05463906094808126
0 0.8002496328150843 0.6538404514672683 0.018070975851802847 0.05463223476297968
0 0.7804710922924248 0.6549098871331828 0.02327869798213695 0.04090250112866817
0 0.7661573589149852 0.6584162708803609 0.02721499966920278 0.03143913318284424
0 0.7833340390340721 0.6239281083521442 0.025425407872973867 0.036929661399548536
0 0.8029255176976514 0.6175160451467266 0.02739305855110817 0.028995358916478555
0 0.77833438570956 0.5895855711060946 0.02218633675157129 0.045175693002257336
0 0.8066027337082369 0.5843953950338598 0.032563768441945085 0.028080650112866815
0 0.7787805332451208 0.5654732099322797 0.03023799933840556 0.03357800451467268
0 0.789327020840225 0.5398340586907449 0.03240171485279524 0.028697282167042888
0 0.8922060416804499 0.6182783024830697 0.02953976844194509 0.04151230699774266
0 0.8618810135626861 0.6121756930022572 0.032937892160105856 0.047002835214446946
0 0.8435409487264307 0.6077477742663655 0.024886229573271586 0.041207404063205416
0 0.8325373099569964 0.5920316207674942 0.020416751571286803 0.04944660948081264
0 0.8209164670856764 0.537392559819413 0.03005593913331128 0.025033896162528213
0 0.8275276533245122 0.5120560361173814 0.033652128349321866 0.02685648758465011
0 0.8589280370492888 0.5100718916478555 0.029897886867350315 0.04181720993227991
0 0.8824558173999338 0.59096218510158 0.021849225272907707 0.053414898419864555
0 0.9136871452199802 0.5996428171557562 0.019857566655640094 0.04215624379232505
0 0.943655055243136 0.614601264108352 0.037214306318226927 0.041539611738148983
0 0.939799780350645 0.5856195575620766 0.023456756864042343 0.047009661399548534
0 0.953586339397949 0.5633366139954851 0.025583460138934835 0.04395608126410835
0 0.9015121190869997 0.5016779593679457 0.029182650347337084 0.04028814446952596
0 0.9234283665233213 0.5012206049661397 0.02649976314918955 0.02594177878103837
0 0.8118804789943764 0.4888583837471781 0.03310294674164738 0.043949255079006766
0 0.82753565597089 0.46152633860045117 0.025048283162421435 0.02780532731376975
0 0.8424655931194178 0.4768033408577875 0.015584153489910687 0.050365869074492094
0 0.856601267614952 0.459708297968397 0.01522703539530268 0.047307738148984195
0 0.8930223116109826 0.4384947900677199 0.021472100562355278 0.04089795033860045
0 0.8676129090307642 0.42643747178329555 0.03041705855110817 0.025948604966139953
0 0.8667206139596428 0.40339454627539484 0.031488412834932186 0.02624668171557562
0 0.8386203215348991 0.4301008577878102 0.03401224743632154 0.046704758465011285
0 0.8285109784981807 0.4035424469525957 0.01915933575917962 0.06196355756207674
0 0.8319101025471386 0.35531772460496597 0.03240171485279524 0.046697932279909704
0 0.8680610572279194 0.36737276749435654 0.016996620575587165 0.051890383747178324
0 0.8539263830631822 0.35012982392776504 0.016281384055573934 0.049751512415349884
0 0.9229902216341382 0.459708297968397 0.01735373867019517 0.028392379232505642
0 0.9459728217002977 0.4786327584650111 0.031151301356268608 0.046094952595936795
0 0.9418574608005292 0.4468909977426635 0.028286353953026797 0.05524886681715575
0 0.9304166774727092 0.4241506997742662 0.016103325173668543 0.04578549887133183
0 0.91322999404565 0.3936262753950337 0.032937892160105856 0.029914618510158014
0 0.9399788395633476 0.3849251647855529 0.019877573271584518 0.03631985553047404
0 0.9357754495534237 0.3652361715575619 0.021846224280516045 0.03540742212189616
0 0.9425817002977176 0.31701144920993213 0.026122638438637113 0.03235384198645598
0 0.9508124220972544 0.2758040451467267 0.017535798875289447 0.05006096613995485
0 0.9319281773073106 0.28511496162528205 0.024532112471055245 0.050365869074492094
0 0.8858649447568641 0.3399064740406319 0.028984584849487266 0.045175693002257336
0 0.871730270592127 0.3063284695259592 0.037572424743632156 0.031134230248307
0 0.8939166073436984 0.2971722799097064 0.02146909956996361 0.04273191873589165
0 0.8873764445914654 0.25626522799097057 0.024532112471055245 0.05921488036117381
0 0.9031296539861066 0.2674123882618509 0.016281384055573934 0.050975674943566585
0 0.9527820734369831 0.23015506997742652 0.020396744955342373 0.0473418690744921
0 0.9330105352299041 0.2428244695259593 0.027019935163744624 0.048866383747178326
0 0.9282599642739001 0.2268147900677199 0.02900459146543169 0.05219528668171557
0 0.9673618948064836 0.18375748984198634 0.022722514058881906 0.051005255079006766
0 0.9436570559047304 0.19171227088036105 0.021472100562355278 0.05463223476297968
0 0.9653952444591466 0.15264146275395024 0.02451210585511082 0.047924370203160274
0 0.9051883347667881 0.22070990519187342 0.017178680780681445 0.049751512415349884
0 0.9300575587165067 0.1755319367945822 0.010734549784981805 0.052805092550790064
0 0.9184287131988091 0.18314768397291187 0.015746207079060538 0.029639295711060946
0 0.9052763638769434 0.18072211286681705 0.011987964273900099 0.027775747178329573
0 0.9158348554416144 0.1501999638826183 0.016281384055573934 0.047307738148984195
0 0.9003487343698313 0.15126712415349866 0.01862715977505789 0.051890383747178324
0 0.9394506649024148 0.12364155304740396 0.02880552563678465 0.05769264108352144
0 0.911539434998346 0.11433291196388248 0.03488953754548462 0.02869045598194131
0 0.8744951849156468 0.24787812189616237 0.029897886867350315 0.05585867268623025
0 0.888549832616606 0.1958307358916477 0.01896427125372147 0.047002835214446946
0 0.8854087939133312 0.1508097697516929 0.017373745286139598 0.05402470428893905
0 0.8952580509427721 0.08274132731376961 0.023436750248097916 0.0424270158013544
0 0.8766488971220642 0.13524151693002245 0.01592426596096593 0.04914170654627539
0 0.8693134713860403 0.15798181489841975 0.017356739662586832 0.047002835214446946
0 0.8427356824346676 0.2416185101580134 0.02077386966589481 0.055553769751692995
0 0.8608966880582204 0.22557697516930006 0.01701662719153159 0.034520018058690746
0 0.8591170995699636 0.18789415801354387 0.021290040357260998 0.05005641534988713
0 0.84855960833609 0.15796588713318266 0.01771385775719484 0.02628081264108352
0 0.8571464478994377 0.13339617155756195 0.01842909427720807 0.02720007223476298
0 0.8537383208733047 0.10929746275395016 0.03812760833608998 0.029002185101580136
0 0.8426566563016871 0.1872843521444694 0.02057580416804499 0.04944660948081264
0 0.8131338934832947 0.32418349435665894 0.034174301025471386 0.03876362979683973
0 0.8334406086668873 0.29366134537246036 0.02146909956996361 0.05646620316027088
0 0.8081242368508105 0.2632893724604964 0.032027591134634464 0.03784437020316027
0 0.8181425497849819 0.2159793589164784 0.03596089182930864 0.025029345372460494
0 0.8359464373139266 0.12776229345372453 0.02111498246774727 0.051890383747178324
0 0.8249317949057229 0.1700391331828441 0.02095292887859742 0.05585867268623025
0 0.8144673344359907 0.1289864559819412 0.02327869798213695 0.05310999548532731
0 0.8101719139927225 0.10700841534988693 0.020059633476678797 0.052504740406320534
0 0.7962172993714853 0.10594125507900659 0.018984277869665892 0.05646620316027088
0 0.727608611313265 0.13768529119638806 0.0356067747270923 0.06257336343115123
0 0.782348713198809 0.295033408577878 0.01701662719153159 0.05738091196388262
0 0.7591800516043665 0.3063261941309254 0.028647473370823687 0.054943963882618505
0 0.7763567317234535 0.24970526410835198 0.03544472113794244 0.0387704559819413
0 0.7085443069798214 0.26832709706546265 0.02900459146543169 0.06012958916478556
0 0.6790225444922263 0.30464922799097055 0.03473048494872643 0.06318316930022573
0 0.7644577968905062 0.33242269977426625 0.020948927555408534 0.05158548081264108
0 0.7931842963943103 0.3490603882618509 0.034710478332782006 0.030524424379232504
0 0.8045450532583526 0.3775983927765236 0.028448407542176646 0.037544018058690745
0 0.7956801217333775 0.44765097968397277 0.022560460469732056 0.048836803611738144
0 0.7926381157790274 0.42521558465011267 0.026142645054581543 0.043651178329571105
0 0.7903113463446908 0.40156057787810373 0.022560460469732056 0.039068532731376976
0 0.7749252583526299 0.4026322889390518 0.02578252596758187 0.04548059593679458
0 0.7427176076744956 0.37225576523702014 0.035801839232550446 0.042122112866817156
0 0.7544374832947403 0.39774474040632035 0.03455142573602382 0.03265874492099322
0 0.7741179913992723 0.44628119187358906 0.017373745286139598 0.05524886681715575
0 0.7726084922262653 0.4787852099322798 0.026837874958650348 0.025643702031602707
0 0.756059019517036 0.43452877652370187 0.01842909427720807 0.05128057787810384
0 0.742181430367185 0.45131436568848743 0.018984277869665892 0.054943963882618505
0 0.768036980482964 0.5027451196388262 0.028108295071121402 0.03143913318284424
0 0.7482654422758849 0.48580707900677195 0.02399293417135296 0.052504740406320534
0 0.7687512166721799 0.5390718013544016 0.02452911147866358 0.03571687584650113
0 0.7482744452530599 0.5441049751693002 0.030059940456500168 0.030524424379232504
0 0.7556999007608336 0.5718852731376973 0.027019935163744624 0.03540742212189616
0 0.7543564565001654 0.6275892189616252 0.02003962686073437 0.046704758465011285
0 0.7435228739662587 0.605153823927765 0.02166716506781343 0.04945343566591422
0 0.7279577267614952 0.646513679458239 0.03705225272907707 0.026551584650112866
0 0.7096276652332121 0.6275892189616252 0.015385087661263645 0.047924370203160274
0 0.7257209870989084 0.61980509255079 0.029358708567648033 0.04578549887133183
0 0.7292111412504135 0.5862293634311512 0.023099638769434338 0.046399855530474036
0 0.7209794191200793 0.5688316930022572 0.02166716506781343 0.04761946726862302
0 0.7099747800198479 0.5225865643340857 0.018984277869665892 0.03693648758465011
0 0.7208983923255045 0.4920621399548532 0.014670851472047636 0.046088126410835206
0 0.7277886708567648 0.46627281264108333 0.026658815745947733 0.053719801354401804
0 0.7312768243466755 0.4072058329571104 0.021110981144558387 0.05524886681715575
0 0.7133759047304002 0.38447008577878095 0.022206343367515712 0.043949255079006766
0 0.7136519960304334 0.42353861851015784 0.016281384055573934 0.04090250112866817
0 0.7050561534899107 0.454961823927765 0.015584153489910687 0.04336902934537246
0 0.7014869732054251 0.5085314492099322 0.025944579556731726 0.049785643340857784
0 0.6877094171352961 0.4920644153498869 0.025944579556731726 0.04914170654627539
0 0.6898581276877274 0.4606230067720088 0.02451210585511082 0.053414898419864555
0 0.6944096328150844 0.421097119638826 0.016480449884220972 0.05310999548532731
0 0.6826897571948395 0.3482981309255077 0.03347707045980814 0.022285218961625282
0 0.6995173218656963 0.37498851467268607 0.02809128944756864 0.04398338600451467
0 0.6701666159444261 0.4681022302483069 0.015584153489910687 0.048836803611738144
0 0.671956207740655 0.4276593589164784 0.028108295071121402 0.044260984198645596
0 0.6763476599404564 0.37988971557562057 0.018968272576910354 0.04578549887133183
0 0.6577385061197486 0.36416901128668155 0.026837874958650348 0.05524886681715575
0 0.643248714521998 0.4528411557562075 0.0329208865365531 0.029914618510158014
0 0.6546084710552431 0.4023251106094807 0.01950344955342375 0.05280964334085779
0 0.6445001283493219 0.410871494356659 0.017535798875289447 0.047307738148984195
0 0.6316988951372808 0.42688117381489826 0.020234691366192523 0.038492857787810385
0 0.6134468594111809 0.411636027088036 0.03383418855441614 0.04090250112866817
0 0.6308126020509428 0.3594407404063204 0.029523763149189548 0.05616357562076749
0 0.6140820694674164 0.37834927313769734 0.023975928547800198 0.045209823927765236
0 0.6870742070790605 0.5517366501128667 0.02470717036056897 0.03784437020316027
0 0.693883458815746 0.5706633860045144 0.01646044326827655 0.023199927765237018
0 0.6946877247767119 0.5946232957110608 0.035249656632484284 0.04304137246049661
0 0.6895800357260998 0.614614916478555 0.021130987760502814 0.027470844243792324
0 0.6750962461131326 0.6091221128668171 0.026122638438637113 0.047002835214446946
0 0.659788183923255 0.6301831693002256 0.012722207079060537 0.047612641083521444
0 0.6403857677803507 0.6379672957110607 0.02755211114786636 0.03631985553047404
0 0.6482483678465101 0.6022549706546273 0.029358708567648033 0.03082932731376975
0 0.639659527621568 0.5876037020316025 0.029361709560039695 0.03693648758465011
0 0.6413690929540192 0.5561645688487583 0.037036247436321536 0.03082932731376975
0 0.6747291247105525 0.5454793137697516 0.03186553754548462 0.04181720993227991
0 0.6640836043665234 0.527929191873589 0.027750176645716176 0.02869045598194131
0 0.6678498498180616 0.5013730564334085 0.031670473040026466 0.028087476297968397
0 0.6440519801521668 0.5135828261851014 0.035249656632484284 0.018926735891647856
0 0.6439529474032418 0.4946583656884874 0.03436936553092954 0.05067077200902934
0 0.6292010691366193 0.4635241354401804 0.034532419450876616 0.03174403611738149
0 0.596103124048958 0.4587913137697516 0.03238470922924248 0.03327310158013544
0 0.6170340456500165 0.5218243069977425 0.034532419450876616 0.03602177878103838
0 0.6010217505788952 0.5557049390519185 0.033278004631161096 0.03296819864559819
0 0.5773159113463447 0.5201450654627539 0.033460064836255375 0.03631985553047404
0 0.572476310949388 0.4880938510158011 0.03490854383063182 0.03632668171557562
0 0.5523556572940788 0.5170960361173813 0.02791223023486603 0.044870790067720094
0 0.5445630803837247 0.5555524875846498 0.028822531260337413 0.03449271331828442
0 0.5357161548130995 0.5347963340857785 0.032206650347337086 0.025948604966139953
0 0.5025161759841217 0.5955380045146725 0.019520455176976512 0.06623674943566592
0 0.48579764737016207 0.6066806139954852 0.01502796956665564 0.05677110609480812
0 0.546977878928217 0.4409362889390517 0.015405094277208072 0.05311454627539503
0 0.5576243996030434 0.4713059864559817 0.015944272576910352 0.05158548081264108
0 0.565863124048958 0.44261553047404045 0.025944579556731726 0.04548059593679458
0 0.5697994257360238 0.4156043160270878 0.032024590142242806 0.04151230699774266
0 0.5722952510750909 0.3707335259593678 0.03490554283824016 0.05005641534988713
0 0.5206861845848495 0.5024402167042887 0.032923887528944755 0.044260984198645596
0 0.5328532080714522 0.48000709706546263 0.033996242143565995 0.031134230248307
0 0.5332023235196824 0.4417008216704287 0.027210998346013895 0.044260984198645596
0 0.5355370956003969 0.40369944920993217 0.01538908898445253 0.047002835214446946
0 0.5163927648031756 0.4058337697516929 0.029344703936486933 0.04273191873589165
0 0.5098526020509428 0.44063366139954835 0.028465413165729408 0.038458726862302485
0 0.4939363387363546 0.4798546455981939 0.01592426596096593 0.05158548081264108
0 0.49232680648362553 0.4081250925507899 0.029523763149189548 0.047924370203160274
0 0.48051790142242806 0.42735218058690727 0.034174301025471386 0.041207404063205416
0 0.47810310287793584 0.4558947358916477 0.0322026490241482 0.029914618510158014
0 0.4517123757856434 0.4494826726862301 0.02558746146212372 0.03663158465011286
0 0.37018641614290443 0.5846752686230245 0.023635816076744955 0.05128057787810384
0 0.43890213959642743 0.5579621309255077 0.023618810453192193 0.06257336343115123
0 0.418862512735693 0.5674254988713316 0.015030970559047304 0.06868052370203159
0 0.403742512735693 0.5776511241534987 0.018070975851802847 0.05433415801354402
0 0.4696763162421436 0.5109592957110607 0.02003962686073437 0.05829562076749435
0 0.44229226066821037 0.48836917381489825 0.032583775057889515 0.04181720993227991
0 0.41322664902414824 0.48119485327313766 0.027373051935163744 0.03540742212189616
0 0.42449837644723787 0.45250439729119624 0.029877880251405888 0.03540742212189616
0 0.4498957750578895 0.408400415349887 0.018806218987760505 0.05708283521444695
0 0.43228095004961964 0.41831658690744905 0.017892916969897452 0.04761946726862302
0 0.6279776645716176 0.1586120993227989 0.02421800860072775 0.06329466365688488
0 0.6283637922593451 0.3005830970654626 0.033751161098246774 0.05098705191873589
0 0.6212784492226265 0.23399138600451447 0.03504158782666226 0.04175577426636568
0 0.6001524631161098 0.29860577878103817 0.021124985775719484 0.06636644695259593
0 0.5772208799206087 0.30651732731376957 0.025762519351637446 0.05406338600451467
0 0.543727804168045 0.3361839277652368 0.027311031425736026 0.05450253724604966
0 0.5226018180615283 0.35354974266365674 0.025249349652662918 0.054943963882618505
0 0.5138389202778697 0.32387631602708783 0.03400924644392987 0.046590988713318286
0 0.5417941647370161 0.28849847404063184 0.0265397763810784 0.038240288939051924
0 0.5581555752563678 0.28959521444695246 0.02937171286801191 0.03516395485327314
0 0.5843072232881245 0.231577191873589 0.014171686404234206 0.03516395485327314
0 0.5361262904399603 0.2634418239277651 0.033238991730069466 0.047032415349887134
0 0.41013862785312605 0.021034889390519035 0.027052946080052927 0.03516395485327314
0 0.6729045213364208 0.6903878465011285 0.020072637777042674 0.04262952595936795
0 0.6847834495534237 0.7866529841986454 0.014336740985775719 0.0492668532731377
0 0.6908254475686405 0.7452453453724603 0.022735518359245786 0.05590873137697516
0 0.6681919629507113 0.8042963972911962 0.018845231888852135 0.04053616252821671
0 0.6715730810453192 0.7709277291196386 0.016999621567978827 0.04507330022573363
0 0.6759745365530929 0.7269011106094807 0.02416799206086669 0.04367848306997743
0 0.6518065444922263 0.8105855891647854 0.02048277340390341 0.04961726410835214
0 0.6560059331789613 0.7401803160270878 0.015769214687396626 0.03529365237020316
0 0.6389032775388688 0.7352882167042887 0.026215669202778697 0.036693020316027086
0 0.6480182917631493 0.7674349977426635 0.024373059874297057 0.04088657336343115
0 0.6373667694343367 0.7791419051918733 0.02928868541184254 0.026558410835214447
0 0.627125382732385 0.8179260135440181 0.023142652993714853 0.029350320541760722
0 0.5775589917300694 0.874355810383747 0.034614446576248764 0.03529365237020316
0 0.5726443665233213 0.8486734266365688 0.017409757194839563 0.03284532731376975
0 0.47583735362222956 0.3236601534988711 0.03426733178961297 0.04878674492099323
0 0.5088152590142242 0.23663084424379224 0.01726070790605359 0.06285551241534988
0 0.47106977704267283 0.2623450835214445 0.03452541713529607 0.043075503386004514
0 0.5235011154482303 0.1361949074492098 0.026023605689712206 0.07120848758465012
0 0.5727123890175323 0.11180267268623012 0.03375416209063844 0.0566982934537246
0 0.5554496804498843 0.0878473137697516 0.038904865365530936 0.05537856433408577
0 0.5062384068805823 0.06674530022573354 0.01777687859741978 0.05889860045146726
0 0.4800877591796229 0.10388657336343099 0.03916295071121403 0.03735971106094808
0 0.4787993331128018 0.0227960451467267 0.022672497519020843 0.0342833769751693
0 0.504822938802514 0.02345363431151222 0.03246473569302018 0.036479133182844244
