0 0.45215734344827585 0.843589613493976 0.021417219310344827 0.03467908626506024
0 0.7892019558620689 0.08327683084337345 0.03221081379310345 0.048249923855421685
0 0.08539723862068965 0.9012559575903614 0.016903117241379308 0.03655420915662651
0 0.0921574427586207 0.8423226910843374 0.017258697931034482 0.0295900221686747
0 0.08699891586206897 0.8853417021686748 0.027224342068965512 0.01914762795180723
0 0.08726586206896553 0.871168493493976 0.023841633103448272 0.017161746506024096
0 0.0601332827586207 0.8868359710843373 0.022596579310344825 0.02561437301204819
0 0.06431265931034483 0.8712947971084337 0.02170710620689655 0.030338128192771086
0 0.06707075586206898 0.8479208559036143 0.025444353103448274 0.023869440000000002
0 0.07667977655172414 0.9284850737349398 0.015124171034482757 0.022876499277108435
0 0.06146801379310346 0.9124484009638554 0.027755106206896547 0.027102812530120483
0 0.04162744551724139 0.8931764125301205 0.026510052413793103 0.022381000481927715
0 0.04150335724137932 0.8659745002409639 0.028469395862068963 0.04152862843373494
0 0.03958259586206898 0.812610251566265 0.017792590344827584 0.042770290120481926
0 0.07774547586206897 0.8224308433734939 0.03540686896551724 0.02213422265060241
0 0.054491958620689666 0.8139995913253012 0.01707934344827586 0.05346529156626507
0 0.17043524689655173 0.7961383171084337 0.025110670344827585 0.025064466506024098
0 0.1539867724137931 0.7771228221686746 0.00973832275862069 0.03008163469879518
0 0.13683443586206898 0.781949563373494 0.029889633103448273 0.053960790361445785
0 0.08968506206896552 0.7997272828915661 0.013520408275862069 0.04426455903614458
0 0.10356417931034484 0.8063183884337349 0.016369224827586206 0.042024127228915666
0 0.12473635034482759 0.8178800269879518 0.02633486896551724 0.024868210120481928
0 0.12500329655172412 0.8344160848192772 0.01868310620689655 0.02909452337349398
0 0.14332769379310345 0.8528194930120483 0.01868310620689655 0.03704970795180723
0 0.12927443586206896 0.8653760154216867 0.01547975172413793 0.037797813975903614
0 0.10925764137931035 0.9221932106024096 0.01387911724137931 0.03953691759036145
0 0.10276229793103449 0.9015571431325301 0.020462052413793102 0.033070172530120484
0 0.12562582344827586 0.904666155180723 0.029534052413793102 0.019893790843373498
0 0.11477070620689656 0.8750722467469879 0.025264998620689653 0.03630354506024097
0 0.15631733793103447 0.8898692009638555 0.03220664275862069 0.0295900221686747
0 0.1432401020689655 0.873457503614458 0.017789462068965513 0.03307405879518073
0 0.16236742344827584 0.8191255749397591 0.020817633103448273 0.02785091855421687
0 0.1526687255172414 0.828075643373494 0.024910460689655172 0.043763230843373496
0 0.16524856551724137 0.8664699990361446 0.026510052413793103 0.026607313734939762
0 0.13231929103448276 0.9246104674698795 0.02131398620689655 0.029354903132530124
0 0.14501383448275862 0.9223059122891566 0.028828104827586205 0.03151372337349398
0 0.12254864275862068 0.959343961445783 0.03896580413793103 0.03580804626506024
0 0.1959588496551724 0.9627794197590362 0.03220664275862069 0.02785091855421687
0 0.16706400827586207 0.9653657291566266 0.023465197241379306 0.031599221204819276
0 0.14849039172413794 0.9550049465060242 0.013717489655172412 0.027802340240963855
0 0.17134661793103448 0.938601021686747 0.015196121379310342 0.019167059277108434
0 0.20359705655172414 0.9272900472289156 0.012234686896551723 0.01761449638554217
0 0.1931194179310345 0.9160490255421686 0.010872844137931034 0.02434745060240964
0 0.1751777131034483 0.9109308144578314 0.02793446068965517 0.032327895903614456
0 0.1835395944827586 0.8779830592771084 0.01974776275862069 0.03605288096385543
0 0.1808711751724138 0.8488885359036146 0.029003288275862064 0.021632894457831328
0 0.18674190620689654 0.8321037571084338 0.03255909517241379 0.018405351325301206
0 0.18558652965517242 0.809477921927711 0.03380727724137931 0.022876499277108435
0 0.21823425931034482 0.8194209310843372 0.025799933793103445 0.02337394120481928
0 0.20951783999999998 0.8329762236144579 0.017614278620689653 0.03754714987951807
0 0.2013332275862069 0.85672130313253 0.017258697931034482 0.041277964337349406
0 0.2064041627586207 0.8942703961445783 0.016013644137931035 0.04177346313253012
0 0.21707992551724137 0.8715182573493976 0.02028269793103448 0.03207723180722891
0 0.22734484137931033 0.8605006959036146 0.02010334344827586 0.033070172530120484
0 0.24732409655172413 0.8697752674698794 0.03522751448275862 0.020140568674698794
0 0.23851904275862068 0.8948921985542168 0.03398246068965517 0.03207723180722891
0 0.23673801103448278 0.9164007325301206 0.011565235862068965 0.03083362698795181
0 0.22045846344827585 0.9045903730120483 0.019572579310344826 0.0450068356626506
0 0.21832289379310343 0.9488510457831325 0.034871933793103445 0.02810158265060241
0 0.2392312468965517 0.9343047556626506 0.030068987586206894 0.04326773204819277
0 0.2622178179310345 0.9341065561445783 0.024020987586206896 0.04152279903614458
0 0.29042131034482754 0.8975678920481928 0.023599713103448272 0.026249777349397593
0 0.2846121020689655 0.9120753195180723 0.025823917241379307 0.03315178409638554
0 0.26471939586206894 0.8980886515662649 0.02434111448275862 0.03401842120481928
0 0.2743795117241379 0.9200266178313252 0.023683133793103446 0.020863413975903616
0 0.28427216275862066 0.9414457677108433 0.026082521379310344 0.02302612048192771
0 0.3602986510344827 0.9886289118072288 0.03437558068965517 0.024767167228915664
0 0.3320106951724138 0.972662191807229 0.02519304827586207 0.02446792481927711
0 0.3209501544827586 0.9402002197590361 0.03330675310344827 0.024767167228915664
0 0.37272311999999996 0.894651250120482 0.033658162758620686 0.024452379759036146
0 0.35340184551724135 0.9208854824096386 0.03276868965517241 0.025692098313253014
0 0.34502432275862066 0.8952944269879518 0.02639326344827586 0.028391109397590365
0 0.3285675062068965 0.9101088693975903 0.016010515862068964 0.043928397108433735
0 0.3276039972413793 0.877782916626506 0.02979995586206896 0.039787581686746995
0 0.3088489406896552 0.9037878592771085 0.01868310620689655 0.05076628048192772
0 0.28245567724137927 0.8715668356626507 0.02668940689655172 0.03274178313253012
0 0.29379880551724136 0.8663864443373493 0.025948005517241378 0.03274178313253012
0 0.3036591310344827 0.8537444240963855 0.022240998620689654 0.03895980722891566
0 0.25517398344827585 0.8289830862650603 0.014823856551724137 0.027141675180722892
0 0.2731136027586207 0.8302266910843373 0.02313151448275862 0.03335969927710843
0 0.23738347862068965 0.8310564086746987 0.023427657931034483 0.04496408674698796
0 0.2638486924137931 0.7893004337349397 0.02772382344827586 0.02072350843373494
0 0.24850241379310348 0.8001800327710843 0.030245213793103444 0.030462488674698796
0 0.21958984551724137 0.7942748530120481 0.032620617931034476 0.037300372048192774
0 0.1917586179310345 0.7893839884337349 0.024020987586206896 0.021967113253012052
0 0.2151414372413793 0.7443324607228915 0.016013644137931035 0.048906702650602416
0 0.18874817379310344 0.7648480539759037 0.029952198620689652 0.025695984578313253
0 0.16932575172413794 0.7676461648192772 0.018976121379310342 0.04455408578313254
0 0.19660744551724138 0.7380114506024097 0.01986872275862069 0.03129220626506024
0 0.18874817379310344 0.7215375730120482 0.018385919999999997 0.037300372048192774
0 0.1641359420689655 0.7325201580722892 0.03321081931034483 0.02611181493975904
0 0.16732469793103447 0.7109708183132529 0.02979995586206896 0.018230469397590363
0 0.14809310068965517 0.7066007132530121 0.034841693793103444 0.02217308530120482
0 0.13967282482758622 0.7350073677108433 0.024910460689655172 0.029840686265060243
0 0.11068517793103448 0.7756246669879517 0.022390113103448274 0.03481510554216868
0 0.11542972965517243 0.747647444819277 0.041665506206896546 0.024038492530120484
0 0.10994377655172415 0.7107648462650603 0.02476238896551724 0.03688259855421687
0 0.1014911751724138 0.6821697079518072 0.02090731034482758 0.03854397686746988
0 0.08659119724137931 0.7120065079518072 0.022534013793103446 0.04475617156626507
0 0.08888943724137932 0.7614281407228914 0.014379641379310344 0.032119980722891565
0 0.0725817351724138 0.7686818544578314 0.016458902068965515 0.04786906987951808
0 0.06828139862068966 0.7243376269879517 0.019127321379310346 0.04496408674698796
0 0.0497912027586207 0.7293936578313251 0.019424507586206893 0.037918288192771085
0 0.05901440275862069 0.6955326303614457 0.01245470896551724 0.030042772048192775
0 0.0467067227586207 0.6893184925301205 0.01097190620689655 0.023002802891566265
0 0.048679622068965527 0.6703360308433733 0.02194485517241379 0.023002802891566265
0 0.35879499310344826 0.8524969330120483 0.023486052413793104 0.03083362698795181
0 0.3415362951724138 0.8478936520481928 0.025976159999999998 0.03357150072289157
0 0.3261451779310345 0.8476468742168675 0.021882289655172412 0.03605288096385543
0 0.3751621324137931 0.805995828433735 0.024910460689655172 0.04227479132530121
0 0.35745921931034486 0.8161875585542168 0.022952159999999996 0.027353476626506026
0 0.33254980137931034 0.8179305484337349 0.029354697931034478 0.03083945638554217
0 0.31440163034482754 0.7954271306024098 0.03434116965517241 0.036058710361445784
0 0.3028363944827586 0.8114657465060241 0.020817633103448273 0.044260672771084336
0 0.2869124275862069 0.8091028973493977 0.01707934344827586 0.04451133686746988
0 0.26084659034482754 0.7413419797590362 0.027224342068965512 0.024370768192771085
0 0.24483503172413792 0.7561350477108434 0.021172171034482757 0.03456444144578314
0 0.22855339862068963 0.7496721889156626 0.011741462068965515 0.04798954409638555
0 0.26164638620689656 0.7645935036144579 0.03238286896551724 0.030582962891566267
0 0.2878039862068965 0.7665832713253011 0.01850375172413793 0.042024127228915666
0 0.29767786758620685 0.7552645243373494 0.01832752551724138 0.045257499759036146
0 0.2885141048275862 0.7197090853012047 0.02668940689655172 0.024370768192771085
0 0.27650361103448273 0.7306508645783133 0.025799933793103445 0.027353476626506026
0 0.3351316717241379 0.7841103267469879 0.02633069793103448 0.02088673156626506
0 0.3221430703448276 0.7688178737349397 0.034871933793103445 0.026607313734939762
0 0.3359314675862069 0.7388528269879518 0.016192998620689653 0.03580804626506024
0 0.3217864468965517 0.7356213975903614 0.017434924137931032 0.040285023614457835
0 0.3079448689655172 0.7270910457831324 0.01405534344827586 0.03630354506024097
0 0.35550196137931034 0.7699390612048193 0.01974776275862069 0.04625044048192772
0 0.3701808744827586 0.7679492934939759 0.02134839724137931 0.042770290120481926
0 0.38183474482758617 0.7607383286746987 0.015124171034482757 0.03679904385542169
0 0.3686688744827586 0.737613108433735 0.028290041379310345 0.025363708915662652
0 0.4022967972413793 0.732016886746988 0.02935886896551724 0.03655420915662651
0 0.39117577655172414 0.7678113310843374 0.01886246068965517 0.036530891566265065
0 0.38735198068965515 0.8868126534939759 0.024731106206896548 0.0353106043373494
0 0.3815688413793103 0.8573431055421687 0.02739952551724138 0.030087464096385543
0 0.3870850344827586 0.8275043624096385 0.022775933793103446 0.031575903614457834
0 0.3963363889655172 0.808483038072289 0.018148171034482755 0.03679904385542169
0 0.4153740331034483 0.8196696520481928 0.022775933793103446 0.03133106891566265
0 0.41243866758620684 0.8455327460240964 0.027220171034482755 0.04227479132530121
0 0.4308537848275862 0.8687803836144579 0.02134839724137931 0.03357150072289157
0 0.42934178482758617 0.9074487209638554 0.027220171034482755 0.030338128192771086
0 0.41706434482758614 0.8910389667469879 0.025086686896551722 0.023869440000000002
0 0.4080799365517241 0.8726355585542168 0.020992816551724136 0.03481510554216868
0 0.4955298455172414 0.9144129079518071 0.02793446068965517 0.03978369542168675
0 0.45135024827586206 0.9087428472289156 0.025086686896551722 0.04749793156626506
0 0.4451155944827586 0.9787655710843376 0.019396353103448272 0.018650186024096387
0 0.42670569103448275 0.97993728 0.016430747586206895 0.020548626506024095
0 0.43381104827586203 0.95864832 0.020510019310344824 0.027108641927710845
0 0.41292772137931033 0.954762054939759 0.02297927172413793 0.03522899277108434
0 0.3948879972413793 0.9245424578313253 0.028913611034482756 0.019685875662650603
0 0.3935292827586207 0.9468185291566266 0.013838449655172412 0.03660667373493976
0 0.42015508137931035 0.9249408 0.038179564137931034 0.03280979277108434
0 0.48609496551724135 0.8540242351807229 0.03501062068965517 0.03237647421686747
0 0.4737914565517241 0.8746758477108433 0.028314024827586205 0.044039155662650604
0 0.4456296744827586 0.8649621281927711 0.025741539310344824 0.04216403277108434
0 0.4369810344827586 0.8252444992771084 0.019355685517241376 0.04244773012048193
0 0.48016583999999995 0.8043053031325301 0.02924103724137931 0.020004549397590363
0 0.44893313379310346 0.7866985792771084 0.02710025379310345 0.0216873021686747
0 0.42183287999999997 0.797142916626506 0.02939015172413793 0.017985634698795182
0 0.4179006372413793 0.7781565686746988 0.026385964137931033 0.019783032289156628
0 0.41775569379310346 0.7607188973493976 0.02581348965517241 0.01708985060240964
0 0.4466067393103448 0.752274043373494 0.020379674482758618 0.037176011566265064
0 0.4432480137931034 0.7243920346987951 0.022310863448275858 0.032978845301204825
0 0.4288746289655172 0.7168487942168675 0.024955299310344823 0.020684645783132533
0 0.3855845048275862 0.6673805262650602 0.01569351724137931 0.03574392289156627
0 0.40251264827586203 0.710986363373494 0.02705854344827586 0.025210201445783134
0 0.3745260496551724 0.7091714775903615 0.02001679448275862 0.039546633253012047
0 0.34598470344827587 0.7228142110843373 0.01408662620689655 0.040926257349397595
0 0.32819211310344826 0.7034722698795182 0.016554835862068965 0.02538314024096386
0 0.3422776965517241 0.6915569812048193 0.025203475862068964 0.022274128192771084
0 0.36223088275862064 0.6697997262650602 0.02656531862068965 0.0412682486746988
0 0.34221617379310343 0.665829906506024 0.021127332413793103 0.02745451951807229
0 0.3527188386206896 0.6477840346987953 0.03175512827586207 0.02002981012048193
0 0.2931022427586206 0.603575826506024 0.023230576551724134 0.03385131180722892
0 0.3240273351724138 0.6282691546987952 0.023599713103448272 0.029358789397590363
0 0.3083619724137931 0.6356103093975903 0.027799944827586204 0.02434745060240964
0 0.30687916965517237 0.6550358053012049 0.02038593103448276 0.022101189397590364
0 0.292422364137931 0.6473526592771084 0.012479735172413792 0.024005459277108437
0 0.3118208027586207 0.692421675180723 0.02013775448275862 0.03367254361445783
0 0.2955110151724138 0.6867224674698794 0.023847889655172413 0.03021765397590362
0 0.3244006427586207 0.6702311016867469 0.031013726896551724 0.03280979277108434
0 0.27790403586206897 0.7027824578313254 0.03212426482758621 0.02365763855421687
0 0.2685119089655172 0.6838757783132531 0.028665434482758618 0.026939589397590363
0 0.25115414896551724 0.7090840366265061 0.012976088275862068 0.037300372048192774
0 0.23608003034482758 0.7118510573493977 0.014703939310344827 0.036954494457831326
0 0.21109657655172415 0.6990691315662652 0.017420325517241375 0.03246197204819277
0 0.23095174344827585 0.6840467739759036 0.023227448275862067 0.044206265060240967
0 0.25337835310344825 0.6705769792771084 0.021127332413793103 0.02970078072289157
0 0.2736412386206896 0.6575405031325301 0.03249652965517241 0.02538314024096386
0 0.2753086096551724 0.6306864115662651 0.02273422344827586 0.035570984096385545
0 0.26400406344827587 0.6169601233734939 0.029282747586206893 0.031257229879518074
0 0.2399705627586207 0.6426891412048193 0.028665434482758618 0.023999629879518074
0 0.22613315586206895 0.651668356626506 0.033113842758620685 0.029185850602409642
0 0.21272745103448273 0.6695432327710843 0.03224835310344827 0.026939589397590363
0 0.19450211586206895 0.6839612761445782 0.015817605517241377 0.03885293493975903
0 0.17961256551724136 0.682406770120482 0.013962537931034483 0.0461066486746988
0 0.1975918096551724 0.6514973609638555 0.029161787586206894 0.021932136867469882
0 0.16867819862068964 0.6475255980722892 0.02841725793103448 0.03574392289156627
0 0.1549023144827586 0.6689369754216867 0.01717632 0.04575882795180723
0 0.1366780220689655 0.6821463903614458 0.02569982896551724 0.023830577349397593
0 0.12648297103448275 0.6690224732530121 0.020634107586206894 0.03315567036144578
0 0.25266406344827586 0.5932131007228917 0.03576244965517241 0.020890617831325304
0 0.21992561379310344 0.6149703556626505 0.01903764413793103 0.03406699951807229
0 0.2310455917241379 0.6139754718072289 0.02739952551724138 0.028597081445783133
0 0.17998170206896552 0.6291455074698795 0.032024159999999996 0.02810158265060241
0 0.19857408827586207 0.6198204144578313 0.034693622068965514 0.03083945638554217
0 0.18683158344827586 0.6040285763855422 0.031137815172413787 0.02511887421686747
0 0.17820171310344826 0.58189824 0.028823933793103447 0.036058710361445784
0 0.1303401351724138 0.6367276106024096 0.029534052413793102 0.024868210120481928
0 0.13825884413793102 0.6116126226506025 0.03255909517241379 0.03282339469879519
0 0.14644137103448276 0.585380333493976 0.031137815172413787 0.02064189686746988
0 0.16076574620689657 0.5596415999999999 0.029889633103448273 0.022876499277108435
0 0.15534027310344828 0.5288079730120482 0.031493395862068965 0.026857977831325302
0 0.1330085544827586 0.5361452414457831 0.030603922758620686 0.02511887421686747
0 0.12740372689655174 0.5754334380722891 0.03789697655172414 0.038048478072289164
0 0.1142722675862069 0.5967923508433733 0.03629634206896551 0.01790402313253012
0 0.1074776524137931 0.6415776693975904 0.02366540689655172 0.04251962602409638
0 0.08865168827586208 0.662068001927711 0.03629634206896551 0.02312327710843374
0 0.07678613793103449 0.6487886342168675 0.030248342068965515 0.04251962602409638
0 0.0635295475862069 0.6272801002409639 0.03505128827586206 0.02635664963855422
0 0.08126895724137931 0.6073610486746989 0.04216603034482758 0.02810158265060241
0 0.0823899227586207 0.5366407402409639 0.03611698758620689 0.04451133686746988
0 0.03862117241379311 0.5351503575903614 0.02615134344827586 0.043020954216867476
0 0.022020455172413803 0.5582503171084338 0.0279313324137931 0.04923314891566265
0 0.4337724662068965 0.6863377272289157 0.034517395862068964 0.018900850120481927
0 0.4061049517241379 0.6707946101204818 0.028644579310344826 0.040529858313253016
0 0.42377241103448277 0.612830966746988 0.031847933793103446 0.03505994024096386
0 0.3836845986206896 0.6155902149397591 0.02330669793103448 0.042024127228915666
0 0.39916539310344823 0.6061427045783132 0.018324397241379308 0.052967849638554214
0 0.3810161793103448 0.5542960424096386 0.03398246068965517 0.032322066506024094
0 0.37576901793103445 0.5765526824096385 0.03095846068965517 0.02064189686746988
0 0.36660525517241377 0.5949522043373494 0.02793446068965517 0.024120104096385545
0 0.3641161903448276 0.6214371007228915 0.022596579310344825 0.037300372048192774
0 0.3373381489655172 0.6144748568674697 0.02739952551724138 0.03282339469879519
0 0.33057585931034483 0.5858777754216867 0.02668940689655172 0.03729648578313253
0 0.32719523586206894 0.5644916587951807 0.0174380524137931 0.037300372048192774
0 0.31105854620689655 0.5836140260240964 0.02028269793103448 0.04674788240963856
0 0.29321068965517244 0.5642429378313253 0.01850375172413793 0.042268961927710846
0 0.2748883779310345 0.5644916587951807 0.022768634482758617 0.04923314891566265
0 0.26954841103448274 0.5382574265060242 0.03380727724137931 0.03356567132530121
0 0.2547808634482759 0.567350006746988 0.012810289655172414 0.03953691759036145
0 0.22791418758620688 0.5758065195180724 0.017792590344827584 0.041031186506024095
0 0.22373272551724138 0.5551665657831325 0.03327234206896551 0.042024127228915666
0 0.1876136524137931 0.5401228337349397 0.033986631724137926 0.040285023614457835
0 0.1952654151724138 0.5137642409638554 0.022240998620689654 0.044260672771084336
0 0.20834160827586207 0.5145104038554217 0.01708247172413793 0.04177346313253012
0 0.22969313379310344 0.5203553465060241 0.025979288275862066 0.04102730024096386
0 0.2523428937931035 0.520949945060241 0.034871933793103445 0.04078052240963855
0 0.3445436110344828 0.518241218313253 0.036472568275862066 0.044260672771084336
0 0.28947448551724136 0.5082923797590362 0.027044987586206895 0.0353106043373494
0 0.29531080551724137 0.4868848886746988 0.03255909517241379 0.03133106891566265
0 0.34491587586206895 0.43533552578313245 0.024196171034482756 0.04451133686746988
0 0.3303276827586207 0.4355842467469879 0.01850375172413793 0.04650110457831326
0 0.3179000855172414 0.45716079036144575 0.01817215448275862 0.04809641638554217
0 0.30688959724137926 0.4435102843373494 0.018089776551724134 0.039995496867469886
0 0.2933983862068965 0.4323197840963855 0.0228312 0.035436907951807234
0 0.26834193931034483 0.47283409734939763 0.01749644689655172 0.036058710361445784
0 0.27360369931034484 0.44858768963855417 0.028317153103448272 0.043104508915662657
0 0.21540734068965517 0.4888940877108433 0.027578879999999997 0.03916577927710844
0 0.22964203862068966 0.47666789783132535 0.03410342068965517 0.0250741821686747
0 0.2521051448275862 0.4371912173493976 0.013789439999999998 0.04807698506024097
0 0.2357953572413793 0.451696701686747 0.03010027034482758 0.02362460530120482
0 0.23542413517241378 0.4107704443373494 0.026096077241379308 0.032116094457831326
0 0.21266592827586206 0.438456196626506 0.016013644137931035 0.043310480963855424
0 0.1924092993103448 0.44761418024096383 0.024506913103448272 0.03986530698795181
0 0.1895782096551724 0.4766853860240964 0.025844772413793102 0.0349686130120482
0 0.1643006979310345 0.5104259392771084 0.029448546206896548 0.02561437301204819
0 0.15111918620689654 0.49100238650602407 0.021417219310344827 0.0434601021686747
0 0.17047591448275862 0.4707102534939759 0.019151304827586205 0.041441187469879515
0 0.12616180137931032 0.48915835373493977 0.022290008275862066 0.04260706698795181
0 0.14653000551724138 0.4556781802409638 0.03176868413793103 0.0307947643373494
0 0.18304115586206895 0.4119946178313253 0.022290008275862066 0.05013087614457831
0 0.21329888275862066 0.39613088385542167 0.031003299310344828 0.04010625542168675
0 0.3502725268965517 0.3927401175903614 0.017614278620689653 0.038048478072289164
0 0.33176773241379304 0.38789005879518074 0.014409881379310343 0.04227479132530121
0 0.2813263696551724 0.40741271132530116 0.01850688 0.042024127228915666
0 0.2956507448275862 0.38515412819277106 0.017258697931034482 0.041277964337349406
0 0.267108355862069 0.39005470843373496 0.027044987586206895 0.031474860722891566
0 0.2575024634482759 0.36601038650602413 0.027044987586206895 0.04078052240963855
0 0.21204340137931035 0.3329343845783132 0.032913633103448275 0.03083362698795181
0 0.23526042206896552 0.3624019893975904 0.034871933793103445 0.031080404819277107
0 0.24478080827586207 0.3336824906024096 0.03754139586206896 0.019893790843373498
0 0.291575644137931 0.3400209889156626 0.028290041379310345 0.04003435951807229
0 0.31924211586206896 0.345494793253012 0.02455175172413793 0.03953691759036145
0 0.3467886703448275 0.34632839710843377 0.034155558620689655 0.028645659759036147
0 0.4176691448275862 0.41078015999999995 0.014944816551724137 0.03700307277108434
0 0.3996262924137931 0.4075020954216867 0.017720639999999996 0.038790754698795185
0 0.3798774868965517 0.41024579855421683 0.026472513103448274 0.05042817542168675
0 0.3743383531034482 0.47662514891566266 0.033061704827586205 0.02549001253012048
0 0.38516218758620685 0.4973467142168675 0.02979995586206896 0.046211577831325304
0 0.4187484 0.5007744 0.03144125793103448 0.038559521927710845
0 0.4129621324137931 0.47807472578313254 0.02461327448275862 0.032119980722891565
0 0.4051779393103448 0.44761418024096383 0.024169059310344826 0.03957578024096386
0 0.3791725820689655 0.4539973706024096 0.02787606620689655 0.0424827065060241
0 0.4492157213793103 0.45321040192771084 0.02031398068965517 0.04703546602409638
0 0.4701928965517241 0.4274114313253012 0.015717500689655172 0.041031186506024095
0 0.4882086372413793 0.3823404722891566 0.019127321379310346 0.05035627951807229
0 0.47968304275862067 0.40150947469879517 0.018385919999999997 0.041031186506024095
0 0.46463499310344825 0.38389497831325303 0.025055404137931035 0.05056419469879518
0 0.43342418482758616 0.37415405493975906 0.033510091034482756 0.02528209734939759
0 0.4281603393103448 0.39518846457831325 0.031583073103448274 0.037508287228915665
0 0.4014709324137931 0.3827543595180723 0.027727994482758617 0.03585079518072289
0 0.3892404165517241 0.365347778313253 0.02787189517241379 0.03667856963855422
0 0.42371193103448274 0.3430717069879518 0.028617467586206893 0.03398150168674699
0 0.4283084110344827 0.2992462959036144 0.030989743448275858 0.04165298891566265
0 0.4125179172413793 0.2883666968674698 0.021351525517241378 0.041031186506024095
0 0.3907221765517241 0.28629337445783126 0.02787189517241379 0.029840686265060243
0 0.39761585379310344 0.3292910110843374 0.028913611034482756 0.03335969927710843
0 0.3718180055172413 0.31478746987951806 0.024462074482758618 0.030876375903614462
0 0.3477240248275862 0.28898849927710846 0.022538184827586207 0.048490872289156634
0 0.3208125103448276 0.3129240057831325 0.03217536 0.02549001253012048
0 0.32652057103448273 0.2904380761445783 0.031137815172413787 0.03481510554216868
0 0.2959041351724138 0.2906459913253012 0.028613296551724135 0.043104508915662657
0 0.2791501324137931 0.2846358824096385 0.030693599999999998 0.024038492530120484
0 0.6215315834482759 0.9748793060240966 0.02397197793103448 0.017787435180722892
0 0.5905178565517241 0.9828228318072288 0.026193053793103445 0.02987566265060241
0 0.5624947613793103 0.9672466814457831 0.030024148965517236 0.03142628240963856
0 0.48728475310344826 0.9690946004819277 0.009762306206896552 0.026939589397590363
0 0.4714087531034482 0.965210278554217 0.02569982896551724 0.039200755662650605
0 0.5043985075862069 0.9849816520481929 0.023720673103448275 0.026249777349397593
0 0.5087843503448275 0.9602008828915662 0.0297759724137931 0.03574392289156627
0 0.5320378675862069 0.9634478573493975 0.03162791172413793 0.048698787469879525
0 0.5254038372413793 0.9166844298795181 0.032620617931034476 0.027112528192771088
0 0.5507334868965517 0.9259259681927711 0.018783211034482758 0.04627958746987952
0 0.5703154510344827 0.9316251759036144 0.02261013517241379 0.04904077879518073
0 0.5890965765517241 0.937149501686747 0.029282747586206893 0.023484699759036144
0 0.5907034675862068 0.9198789397590361 0.03348297931034482 0.02002981012048193
0 0.5898400634482759 0.897863248192771 0.028541346206896547 0.02538314024096386
0 0.5622226013793103 0.8938914853012049 0.02693445517241379 0.02296394024096386
0 0.5588263365517241 0.8816322621686747 0.030272325517241377 0.02745451951807229
0 0.5373882620689655 0.8820636375903613 0.017548584827586207 0.046621578795180724
0 0.5220659668965517 0.871700911807229 0.014578808275862068 0.04904077879518073
0 0.6157859834482758 0.8750683604819277 0.034965782068965515 0.03401842120481928
0 0.6060862427586206 0.854607174939759 0.031876088275862066 0.018650186024096387
0 0.5811903806896551 0.8658287653012047 0.014454719999999997 0.04835096674698795
0 0.5771987006896552 0.8082926110843374 0.012230515862068964 0.02987566265060241
0 0.5902342262068965 0.8239367710843373 0.016061611034482757 0.03885293493975903
0 0.5571308110344827 0.8523259373493975 0.031137815172413787 0.021788345060240966
0 0.5550911751724138 0.8307824269879518 0.03284481103448275 0.027918928192771086
0 0.5222453213793102 0.8397791306024097 0.03366859034482758 0.026620915662650603
0 0.5178813765517241 0.819704628433735 0.025327564137931035 0.02100720578313253
0 0.5506187834482759 0.8035863440963855 0.024720678620689652 0.026766650602409642
0 0.5347573820689655 0.8096314293975904 0.019355685517241376 0.03051106698795181
0 0.5216092386206895 0.7803464790361446 0.022548612413793103 0.02906926265060241
0 0.4987279862068965 0.7891974477108433 0.038303652413793104 0.03770065734939759
0 0.49291252137931035 0.7497674024096386 0.025844772413793102 0.0261934265060241
0 0.4707747558620689 0.7411321214457832 0.023989704827586205 0.0307947643373494
0 0.47479041931034477 0.7680445069879519 0.030992871724137925 0.0247516221686747
0 0.5356416413793103 0.7710660780722892 0.030786405517241378 0.033388846265060244
0 0.5479983310344827 0.7444432192771083 0.02707939862068965 0.02878167903614458
0 0.5184674068965517 0.7378210236144578 0.02862372413793103 0.026620915662650603
0 0.5709536193103448 0.7542288346987952 0.015947950344827586 0.027918928192771086
0 0.5659661048275861 0.7873262110843373 0.0177102124137931 0.049213717590361444
0 0.5859860275862069 0.7868948356626506 0.02379262344827586 0.03510851855421687
0 0.5962280027586206 0.7834418891566265 0.023269158620689654 0.031084291084337353
0 0.5902092 0.7575379893975903 0.02480305655172414 0.03021765397590362
0 0.6110330896551724 0.7523575980722893 0.021417219310344827 0.03438955951807229
0 0.614656675862069 0.7832242583132529 0.02430044689655172 0.04072222843373494
0 0.634302248275862 0.8035163913253012 0.02718263172413793 0.03741113060240964
0 0.614891296551724 0.8304695826506024 0.0314589848275862 0.023686785542168676
0 0.6461448579310344 0.891023421686747 0.026986593103448274 0.032737896867469876
0 0.6453294206896552 0.8705117146987952 0.02654133517241379 0.03522899277108434
0 0.6473315172413793 0.826268530120482 0.015124171034482757 0.029632771084337352
0 0.6617883227586207 0.8196366187951808 0.031583073103448274 0.035436907951807234
0 0.6693347668965517 0.8577667084337349 0.015124171034482757 0.040611469879518074
0 0.6879073406896551 0.8820966708433735 0.0233650924137931 0.04597645879518073
0 0.6587007144827586 0.9059466795180723 0.022751950344827587 0.032656285301204825
0 0.6568550317241378 0.9328027142168674 0.019061627586206897 0.021055784096385543
0 0.6513190262068965 0.9770595007228915 0.017216987586206895 0.021918534939759038
0 0.6654640468965517 0.9807125898795181 0.016603845517241377 0.025783425542168677
0 0.6854464303448274 0.9888776327710845 0.025210775172413793 0.032656285301204825
0 0.7157312689655172 0.9482719922891566 0.029820811034482753 0.04769613108433735
0 0.6918677379310344 0.9358223421686748 0.017258697931034482 0.04943523469879518
0 0.7439983696551724 0.8801477089156627 0.04216915862068965 0.023127163373493975
0 0.7625917986206896 0.9144634293975904 0.022775933793103446 0.027102812530120483
0 0.7552966593103448 0.9311238477108433 0.03166857931034483 0.03456444144578314
0 0.7227365213793103 0.9230404163855422 0.011031343448275862 0.0313349551807229
0 0.7090367586206896 0.893572811566265 0.02206581517241379 0.02064189686746988
0 0.7793176468965517 0.8470755932530121 0.02739952551724138 0.019643126746987954
0 0.754852444137931 0.8462031267469878 0.02508981517241379 0.03679904385542169
0 0.7662404110344827 0.8675873002409639 0.02010647172413793 0.027349590361445787
0 0.7521829820689655 0.8095245571084336 0.026510052413793103 0.029595851566265062
0 0.7721987337931033 0.8215855807228916 0.029534052413793102 0.027353476626506026
0 0.7399952193103447 0.8392408828915662 0.030603922758620686 0.039292082891566264
0 0.7205123172413792 0.8649757301204819 0.02686563310344827 0.024120104096385545
0 0.7101399972413793 0.8484416154216867 0.029534052413793102 0.029836800000000004
0 0.7361693379310343 0.7958487903614457 0.01868310620689655 0.0479953734939759
0 0.719622844137931 0.7957263730120483 0.01903764413793103 0.04078052240963855
0 0.7002296193103448 0.8041809426506025 0.02366540689655172 0.02785091855421687
0 0.696583092413793 0.7798101744578313 0.02739952551724138 0.04475617156626507
0 0.6692711586206896 0.7870308549397591 0.025444353103448274 0.03429434602409639
0 0.6585067613793103 0.7717286862650602 0.029179514482758618 0.031080404819277107
0 0.6513002565517241 0.7564362332530121 0.031847933793103446 0.03431766361445783
0 0.6834161793103448 0.7386585137349398 0.025976159999999998 0.04898831421686747
0 0.652812256551724 0.7305731392771084 0.03131404137931034 0.024868210120481928
0 0.6263918813793103 0.7137883604819278 0.03220351448275862 0.026109871807228915
0 0.6190070648275862 0.7294558380722891 0.0348761048275862 0.031575903614457834
0 0.5935637544827586 0.7229910361445784 0.019569451034482755 0.02561437301204819
0 0.581822292413793 0.7134172221686746 0.025264998620689653 0.03083362698795181
0 0.5815584744827585 0.732259778313253 0.031013726896551724 0.026939589397590363
0 0.5602705572413793 0.7184460491566266 0.016603845517241377 0.04627958746987952
0 0.5446156220689655 0.7086895807228916 0.017913550344827583 0.047836036626506026
0 0.5206446868965516 0.7128323392771084 0.027799944827586204 0.023311760963855423
0 0.49791254896551723 0.7244891913253012 0.015445340689655172 0.04178706506024096
0 0.4902743420689655 0.7003671440963857 0.033113842758620685 0.024693328192771088
0 0.5219689903448276 0.6788974727710843 0.022876038620689654 0.046920821204819274
0 0.49599491586206895 0.6721936655421686 0.030989743448275858 0.030419739759036144
0 0.4669363613793103 0.6113639016867469 0.025444353103448274 0.04550427759036145
0 0.5089261655172413 0.6357210679518072 0.024375525517241377 0.044039155662650604
0 0.5353465406896551 0.6379478978313253 0.028823933793103447 0.031575903614457834
0 0.5521610234482759 0.6714202987951807 0.021527751724137928 0.040285023614457835
0 0.570398871724138 0.6875813320481928 0.02206581517241379 0.03382216481927711
0 0.5720005489655172 0.6608477146987951 0.02668940689655172 0.028597081445783133
0 0.5936179779310344 0.6910595392771084 0.028290041379310345 0.029840686265060243
0 0.6252886427586206 0.6908127614457831 0.025086686896551722 0.025363708915662652
0 0.6462825020689654 0.6934126727710844 0.015124171034482757 0.039016158072289156
0 0.6576704689655173 0.67850690313253 0.014409881379310343 0.03456444144578314
0 0.6725965158620689 0.6910362216867469 0.016723762758620687 0.03829331277108434
0 0.7182537020689655 0.7527054187951807 0.030603922758620686 0.037797813975903614
0 0.7081118317241379 0.7146608269879517 0.02170710620689655 0.04027919421686747
0 0.6951221875862068 0.7088178274698795 0.01387911724137931 0.04650110457831326
0 0.7534833020689655 0.7227403720481927 0.02206164413793103 0.03754714987951807
0 0.7282162179310344 0.7223692337349398 0.028823933793103447 0.028843859277108433
0 0.7335540993103448 0.7451233156626507 0.030603922758620686 0.027102812530120483
0 0.7540161517241379 0.7883871614457831 0.022775933793103446 0.030087464096385543
0 0.7824834620689655 0.7948558496385543 0.02811068689655172 0.03754714987951807
0 0.7629108827586206 0.7640202795180723 0.02739952551724138 0.030091350361445786
0 0.7998307944827586 0.7765768019277108 0.026510052413793103 0.041277964337349406
0 0.776702408275862 0.7556900703614458 0.01547975172413793 0.029345187469879522
0 0.7825731393103448 0.7488541301204819 0.027578879999999997 0.042024127228915666
0 0.8017004606896551 0.7498451277108433 0.028469395862068963 0.03207723180722891
0 0.8243679475862068 0.7660100472289157 0.023486052413793104 0.02760414072289157
0 0.8668196937931034 0.8110402004819276 0.023127343448275862 0.026109871807228915
0 0.8489384689655172 0.8109177831325302 0.01868310620689655 0.039292082891566264
0 0.8314128248275862 0.7967445744578313 0.019216998620689655 0.041277964337349406
0 0.8210040082758621 0.805447865060241 0.01654440827586207 0.03680487325301205
0 0.8190467503448275 0.8570458062650602 0.019396353103448272 0.041031186506024095
0 0.8025002565517241 0.8458436472289156 0.016903117241379308 0.04100786891566265
0 0.7954731062068965 0.872089538313253 0.02277280551724138 0.032322066506024094
0 0.8130863420689655 0.8948164163855422 0.016013644137931035 0.03605288096385543
0 0.7880882896551723 0.9159790727710844 0.032913633103448275 0.018646299759036148
0 0.785579412413793 0.8917093474698796 0.029179514482758618 0.028843859277108433
0 0.8308799751724137 0.9428215055421687 0.023841633103448272 0.01563833060240964
0 0.7989413213793103 0.9352491180722892 0.020462052413793102 0.02088673156626506
0 0.8276766206896551 0.912621339759036 0.030599751724137928 0.01193277686746988
0 0.8321239862068965 0.8965827238554217 0.02811068689655172 0.018650186024096387
0 0.8651283393103448 0.8933493513253011 0.03540686896551724 0.031084291084337353
0 0.8625485544827585 0.859655433253012 0.021351525517241378 0.0467517686746988
0 0.8387965986206896 0.8758203527710844 0.027578879999999997 0.041277964337349406
0 0.8784725213793103 0.898199410120482 0.031137815172413787 0.025363708915662652
0 0.8538310924137931 0.9254285262650602 0.03700646068965517 0.04152862843373494
0 0.8677091668965518 0.928908676626506 0.014230526896551722 0.021632894457831328
0 0.8555036772413792 0.941939323373494 0.014944816551724137 0.020391232771084337
0 0.8367507062068964 0.9672058756626507 0.03380310620689655 0.036058710361445784
0 0.8736695751724137 0.9525293956626506 0.019393224827586205 0.0469985465060241
0 0.9420797544827586 0.9152309667469879 0.02028269793103448 0.015166149397590364
0 0.9202860993103448 0.9093879672289156 0.019393224827586205 0.01641364048192771
0 0.9166385296551723 0.8912371662650603 0.015654935172413793 0.017402694939759038
0 0.90382824 0.9090148857831325 0.014944816551724137 0.051475523855421694
0 0.8835455420689654 0.8633862477108434 0.014234697931034481 0.03729648578313253
0 0.9141463365517241 0.8742017233734939 0.026686278620689653 0.022130336385542168
0 0.8956415420689655 0.8640080501204819 0.011385881379310344 0.03754714987951807
0 0.8866592193103447 0.8330481195180723 0.026510052413793103 0.020391232771084337
0 0.9485740551724138 0.8567951421686748 0.02686563310344827 0.022130336385542168
0 0.9386125820689655 0.8776838168674699 0.012989644137931033 0.045999776385542174
0 0.9266917655172413 0.8541855151807228 0.010141870344827586 0.03083945638554217
0 0.9101431862068965 0.8465995257831326 0.020817633103448273 0.030087464096385543
0 0.9348763779310344 0.8193742959036145 0.022952159999999996 0.050727417831325304
0 0.9113903255172413 0.8254621301204819 0.028290041379310345 0.02909452337349398
0 0.8951086924137931 0.8038311787951806 0.024196171034482756 0.033070172530120484
0 0.8828156110344827 0.783416628433735 0.03042456827586207 0.031084291084337353
0 0.9246792413793102 0.7787608828915662 0.018903128275862064 0.020548626506024095
0 0.9180712799999999 0.8025059624096386 0.01976861793103448 0.040751375421686754
0 0.9339472799999999 0.7294636106024096 0.02087915586206896 0.03246780144578314
0 0.9318711475862068 0.7632216520481927 0.02273422344827586 0.02987566265060241
0 0.9073141820689654 0.705359051566265 0.02739952551724138 0.0295900221686747
0 0.906693740689655 0.7559640520481928 0.026510052413793103 0.03431766361445783
0 0.8971723117241378 0.7315952269879518 0.02811068689655172 0.024868210120481928
0 0.8801816027586207 0.7518601561445784 0.022596579310344825 0.031575903614457834
0 0.8669260551724137 0.7720026679518073 0.020996987586206897 0.023127163373493975
0 0.8508227337931034 0.7818252028915663 0.02330669793103448 0.034809276144578315
0 0.8527810344827585 0.7446239306024096 0.03434116965517241 0.024621432289156628
0 0.8251145627586207 0.7451466332530121 0.030248342068965515 0.024617546024096385
0 0.797268736551724 0.7170489368674698 0.030427696551724136 0.03157978987951807
0 0.7745845655172414 0.711825796626506 0.025264998620689653 0.03357150072289157
0 0.7475395779310344 0.6962710207228917 0.030245213793103444 0.0278256578313253
0 0.8876540110344827 0.7099584462650602 0.025086686896551722 0.022876499277108435
0 0.8665694317241379 0.7294791556626505 0.028469395862068963 0.021137395662650604
0 0.8608759696551723 0.707970621686747 0.02811068689655172 0.03829331277108434
0 0.840236648275862 0.7197809812048194 0.01530039724137931 0.026607313734939762
0 0.8263585737931034 0.710694893493976 0.015654935172413793 0.04572579469879518
0 0.8100446151724138 0.7009831171084336 0.021172171034482757 0.044260672771084336
0 0.7840121462068965 0.6802188028915662 0.025264998620689653 0.026607313734939762
0 0.7777868772413792 0.6573423036144577 0.028820805517241376 0.02561437301204819
0 0.7661330068965517 0.6768630130120481 0.014409881379310343 0.029339358072289157
0 0.7457606317241379 0.6700270727710844 0.023486052413793104 0.03904141879518072
0 0.7341057186206896 0.6597070959036144 0.01974776275862069 0.04078052240963855
0 0.7043933544827585 0.6404331643373493 0.020462052413793102 0.025610486746987956
0 0.7145352248275861 0.6727610602409638 0.016903117241379308 0.041031186506024095
0 0.6871346565517241 0.6788527807228915 0.017971944827586205 0.03580804626506024
0 0.6938051834482758 0.6562250024096384 0.025976159999999998 0.03083945638554217
0 0.6832211834482758 0.6277522814457832 0.015124171034482757 0.02909452337349398
0 0.6985205379310344 0.6262599556626507 0.019751933793103447 0.02511887421686747
0 0.6695193351724138 0.6306358901204818 0.02010647172413793 0.03630937445783133
0 0.6625797765517241 0.652892530120482 0.022952159999999996 0.02809575325301205
0 0.6543972496551724 0.6272801002409639 0.015834289655172414 0.026607313734939762
0 0.6434534979310345 0.647296308433735 0.016369224827586206 0.03580804626506024
0 0.6268194124137931 0.6492860761445782 0.017968816551724137 0.029339358072289157
0 0.6060007365517242 0.655377796626506 0.024731106206896548 0.04501266506024097
0 0.6170310372413793 0.6220589031325302 0.028290041379310345 0.03456444144578314
0 0.5957712744827586 0.6262852163855421 0.012810289655172414 0.04003824578313253
0 0.5834052 0.6280243199999999 0.012630935172413793 0.05047675373493976
0 0.5633539944827586 0.6242701879518072 0.018148171034482755 0.043518396144578315
0 0.5934573931034482 0.5951756645783133 0.016369224827586206 0.026109871807228915
0 0.5776231034482758 0.5944314448192771 0.025976159999999998 0.03605288096385543
0 0.5745970179310345 0.5652125609638554 0.02206164413793103 0.019398292048192774
0 0.5577846206896552 0.5737934342168675 0.02793446068965517 0.0355573821686747
0 0.5487084496551723 0.590205131566265 0.03398246068965517 0.026607313734939762
0 0.5207760744827585 0.5713042814457832 0.023662278620689654 0.04650110457831326
0 0.49924727999999996 0.5740402120481928 0.01974776275862069 0.04251962602409638
0 0.5111670537931033 0.5448213281927711 0.022596579310344825 0.042268961927710846
0 0.4778947117241379 0.5465643180722891 0.025086686896551722 0.044260672771084336
0 0.45143784 0.527416690120482 0.02028269793103448 0.044260672771084336
0 0.47629511999999996 0.5041904269879518 0.03042456827586207 0.03655420915662651
0 0.48964034482758617 0.4645272057831325 0.03576244965517241 0.020391232771084337
0 0.5024485489655173 0.4287211026506024 0.026510052413793103 0.04475617156626507
0 0.5700610179310345 0.47334514120481924 0.01583741793103448 0.039016158072289156
0 0.5560056744827586 0.4712290698795181 0.014409881379310343 0.04722006361445783
0 0.5378554179310344 0.47571770602409635 0.024020987586206896 0.041277964337349406
0 0.542570772413793 0.5104065079518072 0.03380310620689655 0.02561437301204819
0 0.580824372413793 0.5028224616867469 0.03629634206896551 0.021382230361445785
0 0.6009298013793103 0.5371401253012048 0.018858289655172413 0.03431766361445783
0 0.6112499834482759 0.5339067527710842 0.018148171034482755 0.045257499759036146
0 0.6239705958620689 0.5485793465060241 0.012989644137931033 0.050727417831325304
0 0.612317768275862 0.5868726592771085 0.01850375172413793 0.03580804626506024
0 0.6034209517241379 0.5690910534939759 0.02668940689655172 0.02361877590361446
0 0.5890986620689654 0.5477068799999999 0.01405847172413793 0.04550427759036145
0 0.5728170289655172 0.5358945773493975 0.019572579310344826 0.029840686265060243
0 0.5548127586206896 0.5404706544578314 0.029892761379310344 0.03157978987951807
0 0.6469227558620689 0.5960481310843374 0.01369976275862069 0.044260672771084336
0 0.6326015089655171 0.5862275392771085 0.023486052413793104 0.022130336385542168
0 0.6553763999999999 0.5650901436144578 0.03273844965517241 0.020636067469879518
0 0.6654275503448276 0.5838627469879518 0.016903117241379308 0.03581193253012048
0 0.6854433020689654 0.6012693281927711 0.032024159999999996 0.021883558554216868
0 0.6886466565517242 0.5810024559036144 0.026686278620689653 0.0295900221686747
0 0.723876256551724 0.6096247980722892 0.035586223448275854 0.0295900221686747
0 0.7589265020689655 0.6160895999999999 0.030603922758620686 0.02561437301204819
0 0.7588024137931034 0.6375728732530122 0.036121158620689646 0.021382230361445785
0 0.8261813048275862 0.679101501686747 0.035583095172413794 0.023869440000000002
0 0.8518915613793103 0.6556031999999999 0.01974776275862069 0.038048478072289164
0 0.8416610565517241 0.6391915026506024 0.016010515862068964 0.03456444144578314
0 0.8280488855172413 0.646151803373494 0.020462052413793102 0.030087464096385543
0 0.8313419172413793 0.6192996549397589 0.023841633103448272 0.03157978987951807
0 0.8083876717241378 0.6570838669879518 0.030603922758620686 0.03656781108433735
0 0.8076775531034482 0.6327247575903615 0.030245213793103444 0.03307405879518073
0 0.8716414096551723 0.6779900298795181 0.033627922758620685 0.027584709397590362
0 0.8718197213793103 0.6600801773493977 0.03327234206896551 0.03157978987951807
0 0.97661592 0.6861881060240965 0.029003288275862064 0.04401000867469879
0 0.9541090179310344 0.6938965127710843 0.020996987586206897 0.04650110457831326
0 0.932045288275862 0.6955131990361447 0.019572579310344826 0.038794640963855424
0 0.9344488468965516 0.6620913195180722 0.022240998620689654 0.022631664578313254
0 0.9128293324137929 0.6790004587951808 0.034871933793103445 0.024120104096385545
0 0.9055352358620689 0.6445642640963856 0.020992816551724136 0.04326773204819277
0 0.8827603448275861 0.6313839961445784 0.03238286896551724 0.027353476626506026
0 0.9258586013793103 0.6020932163855421 0.013385892413793102 0.041017584578313254
0 0.9582393848275861 0.6178539643373494 0.0344934124137931 0.03568757204819278
0 0.9356813875862068 0.6374523990361446 0.010707045517241378 0.03194704192771085
0 0.9190035062068965 0.6257372530120481 0.024731106206896548 0.05122485975903615
0 0.9026342813793103 0.5963959518072288 0.014765462068965517 0.04376906024096386
0 0.8702524551724138 0.5793624520481928 0.026510052413793103 0.02909452337349398
0 0.8807499062068965 0.6072114274698795 0.03754139586206896 0.02561437301204819
0 0.8556642620689654 0.6119371257831325 0.02686563310344827 0.033070172530120484
0 0.8102041572413792 0.6088300568674699 0.0348761048275862 0.02088673156626506
0 0.8357298455172413 0.5815737368674698 0.019762361379310343 0.043763230843373496
0 0.8188507117241378 0.5808023132530121 0.022596579310344825 0.040285023614457835
0 0.8017692827586206 0.5822965821686747 0.019393224827586205 0.04475617156626507
0 0.7831049462068964 0.6169601233734939 0.018858289655172413 0.04476200096385543
0 0.7728765268965517 0.5965688906024096 0.024731106206896548 0.03679904385542169
0 0.7958120027586206 0.5651115180722891 0.02331399724137931 0.03356567132530121
0 0.7753655917241379 0.5669788684337348 0.029000159999999997 0.03928625349397591
0 0.7387136689655173 0.5913476934939759 0.03967592275862068 0.02237517108433735
0 0.7517033131034482 0.5641185773493976 0.01868310620689655 0.04550816385542169
0 0.7242120248275862 0.5685955546987952 0.03594180413793103 0.02511304481927711
0 0.6907644993103447 0.55367424 0.026686278620689653 0.02810158265060241
0 0.6581136413793104 0.5450972530120481 0.028290041379310345 0.01193666313253012
0 0.6386328248275861 0.5441004260240964 0.01707934344827586 0.02685214843373494
0 0.6605172 0.5290547508433735 0.02811068689655172 0.017155917108433737
0 0.6375639972413792 0.5140129619277108 0.029534052413793102 0.02635664963855422
0 0.6139903531034482 0.5029468221686747 0.024731106206896548 0.021131566265060242
0 0.6293637434482758 0.4896188761445783 0.018148171034482755 0.03083362698795181
0 0.6491083779310344 0.47970890024096385 0.026686278620689653 0.02123843855421687
0 0.6716569903448276 0.49188456867469876 0.015445340689655172 0.02072350843373494
0 0.6555348993103448 0.4964606457831325 0.02397197793103448 0.02365763855421687
0 0.669743528275862 0.5116578853012048 0.025203475862068964 0.016058047228915663
0 0.6782075999999999 0.5223606592771084 0.026068965517241378 0.02849215228915663
0 0.7068125544827585 0.5401500375903614 0.01976861793103448 0.04334545734939759
0 0.6982243944827586 0.5063045551807229 0.030765550344827582 0.03815923662650603
0 0.723738612413793 0.534192393253012 0.02026184275862069 0.03488117204819278
0 0.7202172165517241 0.5132959460240963 0.02458616275862069 0.043864273734939764
0 0.8062124772413793 0.5349696462650603 0.02434111448275862 0.023999629879518074
0 0.776682595862069 0.5378163354216867 0.028544474482758618 0.03660667373493976
0 0.8055325986206896 0.5081155546987952 0.012603823448275861 0.03039059277108434
0 0.7815136965517241 0.5105328115662651 0.02842038620689655 0.02538314024096386
0 0.7448795006896551 0.5164923990361445 0.011986510344827585 0.041792894457831326
0 0.7598920965517241 0.49913828240963853 0.01433480275862069 0.04334545734939759
0 0.7765731062068966 0.4829034101204819 0.022240998620689654 0.03367254361445783
0 0.789174844137931 0.47634145156626506 0.0229824 0.03021765397590362
0 0.8284607751724137 0.5140751421686747 0.03287922206896552 0.01899217734939759
0 0.8230916110344827 0.5422214168674699 0.02409293793103448 0.03350349108433735
0 0.8384118206896551 0.5385119768674699 0.035707183448275864 0.030911352289156625
0 0.8525589268965517 0.561994733493976 0.014578808275862068 0.03678155566265061
0 0.9193298896551724 0.5743938621686747 0.01717632 0.0376443065060241
0 0.8868469158620689 0.5639786718072288 0.02261013517241379 0.03626468240963855
0 0.9042067613793102 0.5611300395180723 0.015076204137931034 0.02607683855421687
0 0.9358378013793103 0.5594025946987952 0.012358775172413792 0.018477247228915663
0 0.9369504248275862 0.5232272963855421 0.019520441379310343 0.022105075662650606
0 0.9232965434482757 0.5385080906024097 0.021620557241379307 0.03643762120481928
0 0.887834408275862 0.5372994621686746 0.029530924137931035 0.03401842120481928
0 0.8661398151724137 0.5416695672289157 0.013838449655172412 0.04403332626506024
0 0.8554014868965517 0.5185637783132531 0.020266013793103447 0.03315567036144578
0 0.9238533765517241 0.5030245474698795 0.03163104 0.023830577349397593
0 0.8910481903448275 0.5105347546987952 0.027799944827586204 0.026072952289156626
0 0.8788781544827585 0.49257438072289156 0.02273422344827586 0.016751745542168676
0 0.8468143696551724 0.49456220530120476 0.035710311724137925 0.023830577349397593
0 0.8198173489655172 0.4915406342168675 0.03237244137931034 0.039888624578313256
0 0.8844308441379309 0.4728554718072289 0.029662311724137927 0.017962317108433736
0 0.9382726427586207 0.4826080539759036 0.027220171034482755 0.01740658120481928
0 0.9344488468965516 0.472534854939759 0.03166857931034483 0.01019755951807229
0 0.932045288275862 0.46258990265060246 0.021172171034482757 0.009200732530120482
0 0.9275989655172413 0.4459275412048193 0.02971340689655172 0.0355573821686747
0 0.9066916551724138 0.4714175537349397 0.01565910620689655 0.04376906024096386
0 0.8526016799999999 0.44356080578313256 0.019927117241379307 0.03034201445783133
0 0.8614109048275861 0.46271426313253006 0.015124171034482757 0.04078052240963855
0 0.8786696027586206 0.4469224250602409 0.027220171034482755 0.03307405879518073
0 0.8795590758620688 0.42852290313253005 0.017614278620689653 0.014173208674698796
0 0.945122524137931 0.3399238322891566 0.01903764413793103 0.025861150843373495
0 0.9297334924137931 0.3616830303614457 0.010320182068965516 0.03257856
0 0.9150535365517241 0.3544642930120482 0.025796805517241377 0.03604316530120482
0 0.9489484055172414 0.37175234313253014 0.021351525517241378 0.04475617156626507
0 0.9282204496551723 0.39077561060240956 0.024731106206896548 0.024617546024096385
0 0.9525073406896551 0.41452069012048187 0.02206164413793103 0.03580804626506024
0 0.9188794179310344 0.41390083084337354 0.031317169655172415 0.023127163373493975
0 0.912117128275862 0.38318962120481925 0.02739952551724138 0.03083362698795181
0 0.8944152579310344 0.3703863209638554 0.03398246068965517 0.019643126746987954
0 0.889255688275862 0.3992282371084337 0.024020987586206896 0.030582962891566267
0 0.8712847862068965 0.3954993657831325 0.015121042758620688 0.043017067951807236
0 0.8588843006896552 0.4027103306024096 0.012810289655172414 0.037055537349397594
0 0.8468206262068965 0.3722517281927711 0.02455175172413793 0.01740658120481928
0 0.8371240137931034 0.39102238843373494 0.021172171034482757 0.03456444144578314
0 0.8405035944827586 0.4255887730120482 0.021882289655172412 0.03505994024096386
0 0.8331187779310344 0.4569198419277108 0.03131404137931034 0.031084291084337353
0 0.807500284137931 0.46127051566265054 0.02206164413793103 0.023869440000000002
0 0.7982468441379309 0.45343969156626507 0.02170710620689655 0.016660418313253014
0 0.8199539503448274 0.4279516221686747 0.022775933793103446 0.045754941686746986
0 0.8154158648275862 0.395250644819277 0.02971340689655172 0.030588792289156626
0 0.8102573379310344 0.37286964433734937 0.03576244965517241 0.020140568674698794
0 0.7939777903448276 0.34887584385542164 0.024196171034482756 0.02635664963855422
0 0.7708473186206896 0.3450226120481928 0.023127343448275862 0.0380426486746988
0 0.7815762620689655 0.36653114602409637 0.031847933793103446 0.021879672289156625
0 0.777518888275862 0.3941333436144578 0.022955288275862067 0.034809276144578315
0 0.7913969627586207 0.3988570987951807 0.019393224827586205 0.04326773204819277
0 0.7948672634482759 0.43466514506024095 0.022775933793103446 0.037300372048192774
0 0.7763624689655172 0.4422511344578313 0.020641406896551723 0.03704970795180723
0 0.7745845655172414 0.41414955180722884 0.030603922758620686 0.0295900221686747
0 0.7534103089655172 0.37796842409638554 0.028469395862068963 0.032322066506024094
0 0.7552799751724137 0.40942385349397586 0.01405534344827586 0.03605288096385543
0 0.7440692772413793 0.40084686650602414 0.01085511724137931 0.04078635180722892
0 0.73179288 0.3911467489156627 0.016192998620689653 0.045754941686746986
0 0.7468273737931034 0.4377722139759036 0.029889633103448273 0.02064189686746988
0 0.7446928468965516 0.46064871325301204 0.029179514482758618 0.02064189686746988
0 0.734195395862069 0.4851438419277108 0.02170710620689655 0.040285023614457835
0 0.7046592579310345 0.48327649156626507 0.03522751448275862 0.02362460530120482
0 0.7094642896551724 0.46450388819277105 0.029534052413793102 0.021382230361445785
0 0.7159575475862069 0.44597806265060236 0.030783277241379307 0.02511304481927711
0 0.7156019668965516 0.42347464481927705 0.02686563310344827 0.021388059759036144
0 0.7120972551724137 0.40258791325301196 0.02348292413793103 0.032327895903614456
0 0.6956748496551723 0.38915892433734933 0.027224342068965512 0.018405351325301206
0 0.6689864855172414 0.3865473542168675 0.03077910620689655 0.023127163373493975
0 0.6886466565517242 0.4147713542168674 0.022775933793103446 0.0313349551807229
0 0.6727226896551723 0.4352850043373494 0.009071999999999998 0.018154687228915663
0 0.6817070979310345 0.42496697060240957 0.017792590344827584 0.027349590361445787
0 0.6865121296551724 0.46301156240963853 0.01530039724137931 0.03829331277108434
0 0.6777039475862069 0.4643814708433735 0.021172171034482757 0.04600560578313253
0 0.6545745186206896 0.45779036530120476 0.02366540689655172 0.019398292048192774
0 0.6538623144827587 0.4424959691566264 0.027578879999999997 0.02611181493975904
0 0.6339362399999999 0.460277574939759 0.01369976275862069 0.033816335421686744
0 0.6179205103448275 0.46549877204819273 0.015124171034482757 0.04476200096385543
0 0.6076920910344827 0.45779036530120476 0.01565910620689655 0.0353106043373494
0 0.629131208275862 0.42944394795180724 0.019393224827586205 0.02785091855421687
0 0.6447006372413793 0.42148487710843374 0.014944816551724137 0.037300372048192774
0 0.6601793462068964 0.40917513253012044 0.021351525517241378 0.03357150072289157
0 0.6368705627586206 0.3884127614457831 0.027755106206896547 0.029836800000000004
0 0.6160539724137931 0.3860499122891566 0.020996987586206897 0.03307405879518073
0 0.625482595862069 0.40793347084337345 0.03344856827586207 0.019643126746987954
0 0.6060017793103447 0.4349138660240964 0.025444353103448274 0.04774470939759036
0 0.5794917268965517 0.45990449349397594 0.01369976275862069 0.048490872289156634
0 0.5831382537931034 0.40855527325301205 0.024200342068965514 0.04923314891566265
0 0.5690808248275862 0.42645735325301204 0.00925135448275862 0.03829331277108434
0 0.5572507282758621 0.4254624693975903 0.016189870344827585 0.041277964337349406
0 0.5433726537931034 0.4255887730120482 0.01868310620689655 0.037055537349397594
0 0.522820924137931 0.39910581975903614 0.02028269793103448 0.043763230843373496
0 0.5184621931034482 0.36653114602409637 0.03077910620689655 0.028346417349397593
0 0.5404362455172413 0.3558380877108433 0.023844761379310343 0.039292082891566264
0 0.5787774372413793 0.36553431903614453 0.02330669793103448 0.03282339469879519
0 0.5629452331034482 0.37100423710843367 0.017614278620689653 0.040285023614457835
0 0.599862016551724 0.3764780414457831 0.01387598896551724 0.04078052240963855
0 0.6095586289655172 0.35583614457831325 0.022952159999999996 0.03332083662650603
0 0.5808264579310345 0.3350718303614457 0.02170710620689655 0.04401389493975904
0 0.5971539724137931 0.2704004934939759 0.015941693793103447 0.040405497831325306
0 0.6024032193103448 0.3127083180722891 0.014828027586206896 0.040405497831325306
0 0.5873916662068965 0.3045063556626506 0.025823917241379307 0.028838029879518074
0 0.5718848027586206 0.30103397783132535 0.02285831172413793 0.03799018409638554
0 0.4970710427586207 0.3087190669879518 0.024589291034482756 0.04109919614457831
0 0.47217413793103447 0.3325496443373494 0.017789462068965513 0.041792894457831326
0 0.5301223199999999 0.32719631421686746 0.02446520275862069 0.03660667373493976
0 0.5516229599999999 0.30854807132530115 0.018285815172413792 0.041441187469879515
0 0.5261692220689655 0.29084613397590353 0.03299288275862069 0.03833800481927711
0 0.7516845434482758 0.3168394178313253 0.026686278620689653 0.02382669108433735
0 0.7381912468965517 0.3283369330120482 0.01689998896551724 0.024038492530120484
0 0.7439003503448275 0.3531118727710843 0.02624102068965517 0.033344154216867476
0 0.7180274234482759 0.32315848481927706 0.01749644689655172 0.0389539778313253
0 0.7139502372413792 0.35807463325301203 0.02327958620689655 0.029632771084337352
0 0.7032004386206897 0.33248163469879516 0.013345224827586205 0.031084291084337353
0 0.689261884137931 0.34698906216867464 0.014828027586206896 0.050150307469879515
0 0.6702106841379311 0.32398625927710845 0.023572601379310346 0.019893790843373498
0 0.6664296413793103 0.36626105060240965 0.032913633103448275 0.028597081445783133
0 0.6594608855172414 0.3449157397590361 0.02965188413793103 0.022381000481927715
0 0.6339591806896551 0.353929931566265 0.01986872275862069 0.04455408578313254
0 0.6260258731034483 0.3368245359036144 0.016161715862068965 0.0398070130120482
0 0.6242469268965517 0.3105184077108433 0.01972065103448276 0.03522316337349398
0 0.6178704579310343 0.2906246168674699 0.016755045517241378 0.040197582650602415
0 0.6454503806896551 0.2750853860240963 0.012603823448275861 0.02072350843373494
0 0.6436714344827587 0.3056489175903614 0.017941704827586204 0.037918288192771085
0 0.6312897186206896 0.26617418024096384 0.016606973793103445 0.037300372048192774
0 0.6154241462068964 0.26430877301204814 0.021351525517241378 0.03357150072289157
0 0.6588675558620689 0.30160720192771084 0.014527713103448275 0.03646676819277109
0 0.6827446427586207 0.30305872192771083 0.021931299310344824 0.032737896867469876
0 0.7007541268965517 0.30098539951807224 0.019424507586206893 0.029836800000000004
0 0.6747310427586206 0.240581181686747 0.011269092413793104 0.04289659373493976
0 0.6821450565517241 0.2770537792771084 0.016903117241379308 0.027147504578313258
0 0.664575616551724 0.27933307373493976 0.025351547586206894 0.02921888385542169
0 0.6509498896551724 0.24895413975903607 0.02431400275862069 0.0319140086746988
0 0.685629955862069 0.2263865985542169 0.025948005517241378 0.029012911807228918
0 0.6894850344827586 0.25529458120481924 0.011417164137931033 0.03336358554216868
0 0.6986779944827586 0.25715998843373494 0.011713307586206895 0.026731674216867472
0 0.7507950703448276 0.2607858737349397 0.02134839724137931 0.027353476626506026
0 0.7275916055172413 0.26026705734939753 0.023575729655172413 0.028391109397590365
0 0.7141723448275862 0.280368763373494 0.030248342068965515 0.037922174457831324
0 0.7147051944827586 0.27827406650602404 0.029354697931034478 0.037918288192771085
0 0.7776294206896551 0.31470585831325304 0.037789572413793104 0.03007774843373494
0 0.7510641020689655 0.2891322910843373 0.03315555310344827 0.024607830361445784
0 0.8217516662068965 0.34827735903614454 0.03095846068965517 0.02635664963855422
0 0.8635642013793102 0.3531274178313253 0.03131404137931034 0.022631664578313254
0 0.8874955117241379 0.32975347662650595 0.017258697931034482 0.03854397686746988
0 0.8609833737931033 0.33099708144578316 0.026510052413793103 0.036058710361445784
0 0.9913125599999999 0.3559857657831325 0.02028582620689655 0.03679904385542169
0 0.9770778620689654 0.38483156819277103 0.034871933793103445 0.03978369542168675
0 0.9718296579310344 0.3331092665060241 0.03434116965517241 0.03829331277108434
0 0.9923793020689654 0.31495652240963856 0.01850375172413793 0.042268961927710846
0 0.979569012413793 0.27989658216867463 0.02633069793103448 0.029345187469879522
0 0.959819164137931 0.2772850120481928 0.034871933793103445 0.03257273060240964
0 0.9651935420689655 0.3005112751807229 0.031489224827586204 0.03207723180722891
0 0.9226792303448276 0.32184104096385546 0.023103359999999996 0.03712743325301205
0 0.9141411227586207 0.31217201349397583 0.02829629793103448 0.037817245301204824
0 0.9326886703448276 0.264854793253012 0.02261013517241379 0.02987566265060241
0 0.9200222813793103 0.2756488944578313 0.02569982896551724 0.03073647036144578
0 0.9441777848275862 0.30302180240963855 0.01569351724137931 0.042997636626506026
0 0.9053172993103448 0.29378026409638547 0.024958427586206897 0.044206265060240967
0 0.9048240744827586 0.2494865580722891 0.02817220965517241 0.02365763855421687
0 0.8858583806896552 0.2677928096385542 0.02804812137931034 0.017783548915662653
0 0.891295324137931 0.28152298409638554 0.0297759724137931 0.0145054843373494
0 0.8697832137931033 0.2509575093975903 0.02681349517241379 0.019685875662650603
0 0.8491626620689654 0.24732968096385535 0.02236508689655172 0.03280979277108434
0 0.8700428606896551 0.3025904269879518 0.025079387586206894 0.019685875662650603
0 0.8536705075862069 0.29663083951807223 0.02125142068965517 0.032636853975903615
0 0.8636194675862068 0.26839712385542164 0.013962537931034483 0.032119980722891565
0 0.8512627779310344 0.26952025445783134 0.014206543448275861 0.020206635180722892
0 0.8240791034482758 0.27565083759036135 0.014952115862068963 0.033845482409638555
0 0.8389071310344828 0.2718500703614458 0.014703939310344827 0.022794887710843374
0 0.8313690289655171 0.3019841696385542 0.020634107586206894 0.04403332626506024
0 0.7861466731034482 0.2551022110843373 0.010996932413793103 0.013469794698795182
0 0.8046817075862068 0.2740088906024096 0.025327564137931035 0.02986983325301205
0 0.8051759751724137 0.30051904771084337 0.023847889655172413 0.04178706506024096
0 0.7834177737931034 0.2854073060240963 0.017917721379310345 0.04679451759036145
0 0.8240791034482758 0.24232222843373488 0.03026919724137931 0.025214087710843373
0 0.8054231089655172 0.2318740048192771 0.015196121379310342 0.016751745542168676
0 0.7715689075862069 0.2392151595180723 0.019151304827586205 0.03833217542168675
0 0.7892363668965516 0.22695399325301197 0.02236195862068965 0.04144507373493976
0 0.9214247917241378 0.2312366573493976 0.019275393103448276 0.03916577927710844
0 0.9004434455172413 0.2082338544578313 0.01230663724137931 0.02092948048192771
0 0.8962171448275862 0.2288524337349397 0.030544485517241374 0.021551282891566267
0 0.9496022151724137 0.22643906313253012 0.01683742344827586 0.019324453012048194
0 0.9468170068965516 0.2059623325301204 0.016965682758620686 0.03348405975903615
0 0.9293852110344827 0.20514621686746984 0.01230663724137931 0.028964333493975907
0 0.9279243062068965 0.1837873040963855 0.01656526344827586 0.01822658313253012
0 0.9414155172413793 0.1880835701204819 0.009817572413793102 0.03435652626506024
0 0.9078001075862069 0.18850328674698794 0.024434962758620688 0.02221194795180723
0 0.9353039089655172 0.1623545522891566 0.026551762758620687 0.02208758746987952
0 0.93672936 0.13637875662650603 0.026810366896551724 0.038915115180722895
0 0.9167834731034482 0.16054549590361442 0.02188958896551724 0.04018398072289157
0 0.9020180110344828 0.16298801349397588 0.023441213793103446 0.022987257831325304
0 0.9105655034482758 0.1387299469879518 0.02603455448275862 0.021180144578313253
0 0.8983245599999999 0.12144383999999996 0.029530924137931035 0.03330529156626506
0 0.8843380386206896 0.17873710265060233 0.017097070344827586 0.04869490120481928
0 0.8684714234482758 0.2141234891566265 0.023961550344827585 0.04163355759036145
0 0.8564901268965516 0.1944842486746987 0.018910427586206893 0.04145090313253012
0 0.8666591089655171 0.1592766303614457 0.03302729379310344 0.03403396626506024
0 0.8370624910344827 0.20118416963855415 0.017876011034482754 0.04000521253012048
0 0.8174773986206897 0.20342654457831316 0.020334835862068964 0.0465244221686747
0 0.796845376551724 0.19086613590361443 0.02292400551724138 0.04724338120481928
0 0.7802676 0.1909535768674699 0.02603142620689655 0.03692534746987952
0 0.7739849793103448 0.17122106602409634 0.031086719999999998 0.04163355759036145
0 0.7624969075862068 0.1345522120481928 0.023834333793103443 0.059012934939759044
0 0.7590245213793103 0.23059736674698791 0.020593439999999998 0.03801350168674699
0 0.7498951696551723 0.22426081156626498 0.022534013793103446 0.03946113542168675
0 0.7530015475862069 0.1932173262650602 0.02331399724137931 0.030954101204819277
0 0.7373966648275861 0.18552252144578305 0.01230350896551724 0.04960040096385542
0 0.728005580689655 0.22136360096385543 0.013727917241379308 0.038738290120481925
0 0.7129179062068965 0.20227038072289155 0.031213936551724133 0.03131552385542168
0 0.7056623917241379 0.2284249445783132 0.031213936551724133 0.022449010120481932
0 0.6921659668965516 0.19573173975903613 0.010620496551724137 0.04670319036144579
0 0.7157656799999998 0.15484045879518069 0.028882328275862068 0.03819226987951807
0 0.6947843337931034 0.15068021204819274 0.020334835862068964 0.042900480000000005
0 0.6730240468965517 0.1361067180722891 0.028365119999999997 0.033666714216867476
0 0.6798895696551724 0.17873515951807226 0.017744623448275862 0.04905632385542169
0 0.6654463199999999 0.20977864481927708 0.015024066206896551 0.04453076819277109
0 0.650158435862069 0.20860304963855414 0.016068910344827585 0.049417746506024096
0 0.6622085544827585 0.16389351325301207 0.023831205517241376 0.044713422650602415
0 0.6375087310344828 0.16622915855421685 0.031603928275862066 0.04416934554216868
0 0.6257484993103448 0.1925858081927711 0.028365119999999997 0.049961823614457834
0 0.6298955503448276 0.2326804048192771 0.024479801379310343 0.0295045243373494
0 0.6126420662068965 0.20813281156626504 0.017876011034482754 0.053403111325301206
0 0.5996503365517241 0.2403713233734939 0.019686239999999997 0.03801350168674699
0 0.5816471089655172 0.26164279518072286 0.021762372413793103 0.03892094457831325
0 0.5620244772413793 0.2766670959036144 0.016710206896551724 0.04579769060240964
0 0.56889 0.24109611180722887 0.03302729379310344 0.018106108915662653
0 0.5366385186206896 0.26191289060240963 0.028882328275862068 0.03764819277108434
0 0.46893845793103445 0.28470389204819274 0.038723884137931035 0.02914698795180723
0 0.49361221241379305 0.2726059489156626 0.017699784827586204 0.0455567421686747
0 0.4880782924137931 0.21676614939759029 0.032327602758620684 0.03280007710843374
0 0.47836395310344826 0.24750456289156625 0.02067268965517241 0.04300735228915663
0 0.4648414593103448 0.2597793310843374 0.014454719999999997 0.019769430361445784
0 0.4347672579310345 0.2649908125301204 0.034196226206896545 0.03584107951807229
0 0.45372982344827584 0.25108769927710844 0.02424518068965517 0.03497444240963856
0 0.44937734896551723 0.23381908048192765 0.029217053793103444 0.03866445108433735
0 0.4360102262068965 0.22252365108433728 0.026420375172413788 0.04561503614457831
0 0.4036054593103448 0.26118810216867466 0.028755111724137927 0.03171580915662651
0 0.38262307034482756 0.257822596626506 0.01321070896551724 0.025416173493975906
0 0.40881195310344826 0.22827920963855416 0.02735468689655172 0.039748719036144575
0 0.3821559144827586 0.22241483566265052 0.028131542068965513 0.038448763373493976
0 0.3794364 0.1877687826506024 0.013678907586206894 0.030410024096385546
0 0.37098171310344824 0.19689178987951808 0.01321070896551724 0.040405497831325306
0 0.35472406344827584 0.22306578506024094 0.025799933793103445 0.014120744096385543
0 0.35422458206896545 0.24085322024096384 0.017269125517241378 0.015208898313253014
0 0.35868446068965515 0.26107928674698794 0.03552782896551723 0.030293436144578315
0 0.548010844137931 0.20304763373493978 0.017358802758620687 0.04416934554216868
0 0.5634249020689654 0.19906615518072288 0.022538184827586207 0.048510303614457836
0 0.5424435558620689 0.17935113253012047 0.023051222068965517 0.02950841060240964
0 0.5248918427586207 0.1942685609638554 0.020852044137931035 0.06208697060240964
0 0.5011878537931034 0.18295175710843373 0.03406588137931034 0.029325756144578313
0 0.47107611310344827 0.15480742554216867 0.03367588965517241 0.05231301397590362
0 0.43396746206896547 0.16476209349397586 0.015409886896551723 0.05195159132530121
0 0.4181018896551724 0.16134023710843368 0.022796788965517237 0.036202502168674704
0 0.41764828965517237 0.12693124626506017 0.029399536551724136 0.04434617060240964
0 0.39549801103448273 0.11481775807228917 0.031472540689655173 0.03584107951807229
0 0.40501944 0.1820501436144578 0.026678979310344825 0.03584107951807229
0 0.3820933489655172 0.1570692318072289 0.023055393103448275 0.04453076819277109
0 0.36234350068965515 0.1681101108433734 0.0291409324137931 0.01954791325301205
0 0.3578742372413793 0.19899231614457832 0.01087910068965517 0.03692534746987952
0 0.332883484137931 0.21256898313253006 0.0296550124137931 0.017725254939759037
0 0.32309510896551724 0.2554558612048192 0.028285870344827584 0.024982854939759037
0 0.3002472248275862 0.251870781686747 0.017720639999999996 0.018679333012048195
0 0.3185090565517241 0.23796961156626506 0.029065853793103447 0.01563833060240964
0 0.29745054620689654 0.23405808578313245 0.014300391724137931 0.023894700722891567
0 0.2924140220689655 0.22317654361445777 0.03233073103448276 0.01737743421686747
0 0.2836162675862069 0.2511110168674698 0.01554127448275862 0.04322498313253013
0 0.26426788137931034 0.24687498795180723 0.021603873103448273 0.039966349879518075
0 0.2459257572413793 0.222438153253012 0.012279525517241378 0.019769430361445784
0 0.24594139862068967 0.25858041831325296 0.015855144827586206 0.05082846072289157
0 0.2635661048275862 0.3002023171084337 0.02486875034482758 0.03758018313253012
0 0.23762644137931033 0.30180928771084337 0.03248610206896552 0.04431313734939759
0 0.20093176551724137 0.24231251277108432 0.013055337931034482 0.029976705542168677
0 0.21981612413793103 0.2491562255421687 0.029686295172413793 0.04191725493975904
0 0.19325393379310343 0.2741138197590361 0.03543815172413793 0.05365377542168675
0 0.2620937296551724 0.2059623325301204 0.024221197241379305 0.023354509879518075
0 0.27236385931034485 0.18001374072289153 0.033106543448275856 0.03388823132530121
0 0.25658796413793106 0.10370304000000001 0.03123792 0.05561050987951807
