0 0.650072419672131 0.6147656115765422 0.019934163934426232 0.031328609291698395
0 0.6785872524590163 0.5763126763137851 0.025781665573770495 0.029360207159177455
0 0.6640213770491804 0.5810233297791316 0.016349429508196723 0.023884916984006094
0 0.6148706360655739 0.6340458187357196 0.017399291803278687 0.019059107387661842
0 0.6021885639344261 0.6429189824828636 0.015089154098360657 0.014459003808073115
0 0.6282852983606557 0.6210086092916983 0.022007449180327873 0.012704024371667936
0 0.6438988327868852 0.5655785894897182 0.015092459016393445 0.02891800761614623
0 0.6597227803278689 0.5505714424980959 0.016976262295081968 0.022565995430312263
0 0.6504910426229508 0.5335897517136329 0.02412369836065574 0.02891800761614623
0 0.6289143344262296 0.5369876252856055 0.03667798032786885 0.023442717440974866
0 0.6079534426229508 0.5696305498857577 0.022844695081967212 0.03658740594059406
0 0.606476144262295 0.5926372094440212 0.026637639344262297 0.013804916984006094
0 0.5979880131147541 0.6182709642041126 0.03229896393442623 0.03658740594059406
0 0.5649862032786885 0.6072036923076922 0.02368634754098361 0.026290912414318354
0 0.5811274229508196 0.5907747509520181 0.02661891147540984 0.02497659710586443
0 0.5780868983606559 0.565031981721249 0.030601337704918036 0.03702653465346535
0 0.5491633573770492 0.5772999482102057 0.03563252459016394 0.026946534653465345
0 0.5505128655737705 0.5418057578065498 0.021609757377049184 0.030018900228484385
0 0.588147068852459 0.4974399390708301 0.025570150819672132 0.04206423153084539
0 0.5676081049180329 0.5134343579588728 0.03563252459016394 0.02366381721249048
0 0.5385788065573771 0.5078454470677837 0.03667798032786885 0.03702653465346535
0 0.5244315540983606 0.5514466290936786 0.03269555409836066 0.030456493526275705
0 0.5205526819672132 0.5193503122619954 0.025777259016393442 0.036370912414318356
0 0.5237904000000001 0.4800221904036557 0.032717586885245904 0.03921603655750191
0 0.4986498885245902 0.5387395338918507 0.0209575868852459 0.042285331302361
0 0.49047462295081967 0.5083966610814927 0.04108233442622951 0.019717800456968772
0 0.49099900327868856 0.49021120487433345 0.0391952262295082 0.03724609900990099
0 0.4776912 0.536000353389185 0.031019960655737706 0.04118750952018279
0 0.5047276327868853 0.5812428941355673 0.02221455737704918 0.04184620258948972
0 0.545076275409836 0.6054533191165269 0.02033185573770492 0.029360207159177455
0 0.5267350819672132 0.6081909642041128 0.026411803278688525 0.03483549733434882
0 0.5315569573770492 0.6313081736481341 0.03898371147540984 0.020155393754760092
0 0.5950631606557377 0.7077672383853769 0.03311527868852459 0.02059452246763138
0 0.5670727081967214 0.6436851546077684 0.034604695081967216 0.030015829398324447
0 0.5669680524590164 0.6910112536176695 0.027686400000000003 0.02300512414318355
0 0.6358194098360656 0.7142328712871286 0.02538066885245902 0.02125321553693831
0 0.6160229508196721 0.7211345620715918 0.0209575868852459 0.036367841584158414
0 0.6134043540983606 0.7484112109672506 0.017394885245901638 0.021690808834729628
0 0.5986280655737705 0.7580490114242193 0.0209575868852459 0.023442717440974866
0 0.5780846950819672 0.7853287311500379 0.01844474754098361 0.022349501904036558
0 0.5564881573770493 0.7788646336633664 0.03229896393442623 0.037464127951256664
0 0.5189817442622952 0.796719975628332 0.03269555409836066 0.024096804265041887
0 0.5707499803278688 0.7534489078446306 0.021799239344262297 0.01599441888804265
0 0.562576918032787 0.7297881614623 0.03395582950819672 0.03089562223914699
0 0.5342802098360656 0.6708527890327494 0.04150095737704918 0.03308512414318355
0 0.522219462295082 0.6952797075399848 0.02747929180327869 0.025853319116527034
0 0.49969754754098367 0.7223398629093678 0.021799239344262297 0.014680103579588728
0 0.486914124590164 0.7049221142421934 0.036051147540983604 0.020155393754760092
0 0.5022037770491803 0.6831222909367859 0.02223659016393443 0.038339314546839295
0 0.4932000786885246 0.6192551652703732 0.03982095737704918 0.023224688499619194
0 0.4729739803278689 0.6446693556740289 0.019071580327868855 0.029797800456968775
0 0.5090251278688525 0.7604596130997714 0.02242937704918033 0.038339314546839295
0 0.48827464918032787 0.7665966671744097 0.018656262295081966 0.017307198781416604
0 0.46281025573770496 0.7648432231530845 0.031858308196721315 0.02563529017517136
0 0.4239190819672131 0.7588167189642041 0.031672131147540986 0.03899800761614623
0 0.444469062295082 0.7364718233054074 0.035001285245901646 0.022349501904036558
0 0.4601905573770492 0.7143418857578065 0.029132852459016395 0.024101410510281796
0 0.435980931147541 0.7085364813404417 0.03646646557377049 0.030891015993907086
0 0.43429432131147544 0.6595690236100533 0.021399344262295086 0.04776062147753237
0 0.45798838032786887 0.676768743335872 0.027664367213114754 0.05192313175932978
0 0.3825326950819672 0.6834493343488194 0.03563252459016394 0.03943713632901752
0 0.39091947540983607 0.6520101751713633 0.04904608524590164 0.04316051789794364
0 0.472021062295082 0.6053427692307692 0.04361390163934427 0.03658740594059406
0 0.46269568524590166 0.5845286824067022 0.048436878688524594 0.03614981264280274
0 0.4489648524590164 0.5662357471439451 0.049486740983606566 0.029797800456968775
0 0.4202616393442623 0.5962531119573495 0.019286400000000002 0.043381617669459256
0 0.4010832 0.5981124996191927 0.02829560655737705 0.03264599543031226
0 0.40883874098360656 0.557473133282559 0.03164679344262295 0.05039232292460016
0 0.3699596852459016 0.6038088895658796 0.04150095737704918 0.03790172124904798
0 0.3175602098360656 0.5914288377760852 0.058270111475409836 0.019280207159177457
0 0.3050885508196721 0.5619642223914698 0.05218906229508197 0.030015829398324447
0 0.35874609836065574 0.5645913175932977 0.04212779016393443 0.02563529017517136
0 0.35958444590163935 0.5475036831683169 0.05092878688524591 0.018183920792079207
0 0.3434344131147541 0.5321664219345011 0.04550100983606557 0.025194626047220108
0 0.38472385573770496 0.4733385285605483 0.03041185573770492 0.04776062147753237
0 0.5038793704918033 0.45405832140137087 0.03607318032786886 0.03198730236100533
0 0.49077867540983605 0.44464008530083776 0.032925796721311476 0.03987472962680883
0 0.46218121967213116 0.4707098979436405 0.03143858360655738 0.03899800761614623
0 0.5062908590163935 0.419224359482102 0.047599632786885254 0.021474315308453923
0 0.5173986885245901 0.39402819801980193 0.034601390163934424 0.03856041431835491
0 0.5064054295081967 0.36861400761614616 0.04275792786885246 0.02848502056359482
0 0.5407677639344263 0.360508551408987 0.0335592393442623 0.022349501904036558
0 0.5206573377049181 0.33060173648134045 0.022634281967213114 0.04710653465346534
0 0.5410828327868853 0.3313679086062452 0.022866727868852462 0.04294402437166794
0 0.5404548983606557 0.29762869763899463 0.042149822950819676 0.03242643107387662
0 0.7394748590163935 0.2888645483625285 0.036051147540983604 0.022787095201827874
0 0.7502676196721311 0.3196465498857578 0.016557639344262295 0.018183920792079207
0 0.8104215344262296 0.3461570266565118 0.027875881967213117 0.02651201218583397
0 0.812099331147541 0.3010235003808073 0.025781665573770495 0.03264292460015233
0 0.7725901377049181 0.2951075460776847 0.029762990163934428 0.0282593145468393
0 0.7625299672131147 0.2758273389185072 0.02179593442622951 0.03177080883472962
0 0.7768777180327869 0.24340244325971055 0.026637639344262297 0.031328609291698395
0 0.793119186885246 0.24570249504950492 0.0193040262295082 0.02497659710586443
0 0.5704371147540984 0.31559151865955826 0.027875881967213117 0.03987472962680883
0 0.5695987672131148 0.34440358263518656 0.03793825573770492 0.019059107387661842
0 0.5978833573770493 0.3359710830159939 0.032510478688524594 0.03286402437166794
0 0.6183176655737705 0.2994911561309977 0.028106124590163938 0.04097101599390708
0 0.6423168786885246 0.3043108240670221 0.027059567213114758 0.04009122315308454
0 0.6754332590163935 0.2836042162985529 0.036280288524590164 0.025853319116527034
0 0.6949245639344263 0.3161396618431074 0.031672131147540986 0.031328609291698395
0 0.6884270950819673 0.3006949215536938 0.03837891147540984 0.026728505712109673
0 0.8542348327868853 0.05190854531607005 0.02530024918032787 0.019524338156892612
0 0.7566989901639344 0.22109439756283317 0.03546838032786886 0.03806140441736481
0 0.7049175344262296 0.26817790099009897 0.02128257049180328 0.04276130997715156
0 0.661764118032787 0.26731346230007613 0.03665264262295082 0.02224355826351866
0 0.6532528524590164 0.24123750799695348 0.02577064918032787 0.03682385986290937
0 0.6774889180327869 0.18587351104341202 0.020808865573770492 0.032380368621477536
0 0.6089173770491803 0.2355534013709063 0.02601080655737705 0.021503488194973344
0 0.6207412721311476 0.23308138309215534 0.02459409836065574 0.041275028179741054
0 0.5782984131147542 0.26101058339680117 0.02293613114754099 0.03089562223914699
0 0.568603986885246 0.22232887128712872 0.04137757377049181 0.028176402132520942
0 0.5356187016393443 0.23061090022848432 0.033576865573770494 0.03682846610814928
0 0.49471373114754097 0.2769512627570449 0.0411440262295082 0.023728304645849203
0 0.45794431475409836 0.401028155369383 0.033341114754098365 0.031142824067022085
0 0.4421016393442623 0.4474974927646611 0.018207895081967216 0.047456609291698405
0 0.42200443278688526 0.44564271134805783 0.029555881967213114 0.04622213556740289
0 0.3991872786885246 0.43526176999238386 0.025063396721311477 0.023481102817974105
0 0.33865550163934427 0.35851558263518657 0.030739042622950824 0.024222708301599387
0 0.35485400655737703 0.4872893099771515 0.030975895081967214 0.0459749337395278
0 0.37471546229508196 0.4298248651942117 0.029082177049180327 0.039298948971820256
0 0.3945747147540984 0.4126435704493526 0.04799952786885246 0.028670805788271133
0 0.32505906885245905 0.5078039908606246 0.04847323278688525 0.025213051028179743
0 0.29964204590163934 0.5348687524752475 0.053908721311475415 0.0422653709063214
0 0.3176119868852459 0.487413678598629 0.03593767868852459 0.03237576237623763
0 0.33688296393442624 0.4285888560548362 0.0338104131147541 0.04819821477532369
0 0.3140647081967213 0.4646741812642803 0.021756275409836066 0.036332527037319116
0 0.317729862295082 0.40251290175171356 0.018681600000000003 0.027685069306930692
0 0.30035150163934426 0.4274772155369383 0.03877990819672131 0.0439942482863671
0 0.26571155409836067 0.43637494592536175 0.03617453114754098 0.03757007159177456
0 0.27907003278688525 0.49099733739527796 0.024117088524590165 0.04795101294744859
0 0.25483396721311474 0.5185565026656511 0.028611777049180328 0.022985163747143947
0 0.3829898754098361 0.7413759390708302 0.02388354098360656 0.029661148514851483
0 0.38523832131147545 0.7175248012185833 0.044924852459016396 0.026938857578065502
0 0.3469321180327869 0.7174004325971058 0.02601080655737705 0.04548053008377761
0 0.3281337442622951 0.7256793907083017 0.022462426229508198 0.021503488194973344
0 0.382044668852459 0.7814164935262755 0.04043346885245902 0.020265943640517897
0 0.38370043278688526 0.8056376664127951 0.03806935081967213 0.048938284843869
0 0.3547350295081967 0.8077396496572733 0.05485613114754099 0.03682846610814928
0 0.344568 0.7803048530083777 0.044924852459016396 0.044241450114242194
0 0.36052744918032786 0.7531157227722771 0.03854305573770492 0.01606658339680122
0 0.33747454426229506 0.7500264676313784 0.030739042622950824 0.017798531607006854
0 0.3148920393442623 0.7738760700685453 0.02293613114754099 0.044241450114242194
0 0.3099280524590164 0.7237033115003808 0.03050219016393443 0.0442460563594821
0 0.2133385180327869 0.7845042132520943 0.04634266229508197 0.04523179284082254
0 0.24431220983606558 0.7673259893373953 0.051547908196721316 0.02669472658035034
0 0.23686512786885247 0.7212312932216298 0.025773954098360658 0.02397243564356436
0 0.2732776131147541 0.7403855963442498 0.0427975868852459 0.02323236557501904
0 0.29822203278688525 0.7020769900990099 0.02458969180327869 0.03460364965727342
0 0.3028334950819672 0.6742706230007617 0.05272886557377049 0.02793227113480579
0 0.21570043278688525 0.6975029885757807 0.029792734426229508 0.04325571363290175
0 0.2875846032786885 0.6363305163747144 0.025063396721311477 0.03509958872810358
0 0.26760196721311474 0.6384309642041126 0.020568708196721314 0.05017582939832445
0 0.2426575475409836 0.6263196100533129 0.028374924590163934 0.051655969535415076
0 0.17349442622950817 0.7157928530083777 0.0338104131147541 0.051161565879664896
0 0.2484488655737705 0.5658887433358719 0.054145573770491805 0.039546150799695354
0 0.21972251803278686 0.6297789002284844 0.02458969180327869 0.04967989032749429
0 0.1972600918032787 0.6675961736481341 0.04587226229508198 0.05017582939832445
0 0.17810699016393444 0.6376893587204873 0.03830620327868852 0.04522872201066261
0 0.1848446163934426 0.5796076770753997 0.03617453114754098 0.06055523533891851
0 0.16001807213114752 0.555507801980198 0.03097259016393443 0.05931769078446306
0 0.138264 0.5663831469916222 0.029082177049180327 0.049432688499619196
0 0.11556582295081966 0.5311607250571211 0.04657951475409836 0.02891800761614623
0 0.09322127213114753 0.46096615384615386 0.02648120655737705 0.04769920487433359
0 0.2175952524590164 0.4435407281035796 0.02458969180327869 0.029656542269611574
0 0.19371171147540983 0.36494283015993906 0.046819672131147544 0.02669472658035034
0 0.1768048524590164 0.4990306290936786 0.04799952786885246 0.04177096725057121
0 0.228824262295082 0.40708383244478286 0.02860847213114754 0.04819821477532369
0 0.17822486557377049 0.39645568926123376 0.053202570491803276 0.02446683929931455
0 0.24052918032786885 0.33095795277989337 0.04350814426229509 0.045723125666412796
0 0.0745407737704918 0.40696253465346527 0.052965718032786886 0.050423031226199545
0 0.08660372459016392 0.2843581051028179 0.043337390163934425 0.0457077715156131
0 0.1687111081967213 0.29130892916984 0.04855695737704918 0.050091381568926126
0 0.135622268852459 0.3164866656511805 0.03171950163934426 0.04422302513328256
0 0.16982817049180327 0.26999122619954297 0.0439488 0.03763916527037319
0 0.48251307540983607 0.17999133587204869 0.03100233442622951 0.04184313175932978
0 0.5840544786885247 0.16043321858339676 0.03612385573770492 0.02296980959634425
0 0.6356750950819672 0.13802844173648132 0.023387803278688526 0.030255354150799697
0 0.6633031081967213 0.09835024523990854 0.026651960655737706 0.01341952779893374
0 0.6592799213114754 0.1409917928408225 0.019690701639344263 0.018647616146230006
0 0.7104059016393441 0.08942487738004566 0.028826596721311475 0.015804027418126428
0 0.732101586885246 0.10267090327494287 0.030688367213114756 0.033430592536176695
0 0.7361875672131147 0.08481863214013705 0.04122775081967213 0.03911316374714394
0 0.8991453639344262 0.3786586930693069 0.024622740983606558 0.024363966488956588
0 0.8810068721311476 0.38985801066260467 0.019923147540983607 0.027510031987814165
0 0.8616444590163935 0.4045964600152322 0.019172931147540984 0.02514856359482102
0 0.9493327475409837 0.40538259253617664 0.020488288524590167 0.02161096725057121
0 0.9731127344262295 0.4178593754760091 0.019172931147540984 0.03242182482863671
0 0.948112131147541 0.3677449626808834 0.01503847868852459 0.028506516374714394
0 0.9415309377049181 0.34830353693830923 0.02406200655737705 0.024170504188880424
0 0.9194452721311476 0.33395047677075396 0.01973807213114754 0.026545791317593295
0 0.9150288000000001 0.30389779741051026 0.019551895081967214 0.029668825590251333
0 0.9433177967213116 0.26047165270373185 0.02537736393442623 0.019848310738766185
0 0.9299725377049182 0.24660992536176693 0.01898344918032787 0.028316124904798172
0 0.7875845508196723 0.2080095902513328 0.021427986885245904 0.01787837319116527
0 0.8125840524590163 0.2191106412795125 0.020302111475409838 0.033796021325209445
0 0.804879186885246 0.1876730175171363 0.01729353442622951 0.026725434881949735
0 0.9760232655737705 0.23227682559025126 0.016353836065573772 0.031043022086824065
0 0.9236733639344262 0.22657736481340435 0.013533639344262298 0.028686159939070834
0 0.9386193049180329 0.1642917166793602 0.01860889180327869 0.02869076618431074
0 0.6190833049180328 0.4011786260472201 0.030087973770491806 0.046934568164508764
0 0.9694751213114755 0.03299837319116522 0.026520865573770494 0.027901562833206398
0 0.8362979409836067 0.07593011424219342 0.024830950819672133 0.035959421172886516
0 0.9175096918032787 0.18969669459253613 0.01165424262295082 0.03203029398324448
0 0.8952367475409835 0.22899564356435637 0.024622740983606558 0.029668825590251333
0 0.21517054426229507 0.2827566671744097 0.0436392393442623 0.03894887433358721
0 0.3720671213114754 0.24354830769230768 0.03775207868852459 0.02818715003808073
0 0.2982760131147541 0.2632814623000761 0.048051304918032785 0.034850851485148514
0 0.28209623606557377 0.3714238172124904 0.04804689836065574 0.0246004204112719
0 0.28479415081967213 0.39653553084539217 0.04657951475409836 0.025624542269611576
0 0.21909238032786885 0.5154411454683929 0.03481290491803279 0.05227781264280274
0 0.2845473836065574 0.32273119878141654 0.042167449180327866 0.05842715003808072
0 0.06734376393442622 0.3534840274181264 0.04609148852459017 0.03690063061690784
0 0.025582819672131135 0.34272230312261986 0.0511656393442623 0.03792782330540747
0 0.42629862295081966 0.368219405940594 0.03637172459016393 0.05407117745620715
0 0.4165986885245902 0.3280882619954303 0.05415328524590164 0.026192645849200308
0 0.3458778491803279 0.3010526732673267 0.05334468196721312 0.04477884539223153
0 0.8387402754098361 0.17162025285605484 0.02407632786885246 0.02848809139375476
0 0.8255911081967214 0.12082718659558259 0.030827173770491805 0.02161096725057121
0 0.8097076721311476 0.1394947631378522 0.0249984 0.02200710434120335
0 0.7814197770491803 0.14538922162985524 0.025187881967213114 0.03654594973343488
0 0.8126226098360656 0.06414119725818734 0.0285688131147541 0.038313212490479816
0 0.8016260459016394 0.08722923381568924 0.032892747540983605 0.024757032749428788
0 0.7715512918032786 0.0704271865955826 0.03364626885245902 0.020239841584158414
0 0.7668516983606558 0.09007742878903273 0.01860889180327869 0.017093776085300837
0 0.705658937704918 0.11532732977913175 0.04099420327868853 0.03143915917745621
0 0.6772840131147541 0.11503253008377756 0.030072550819672132 0.03477868697638995
0 0.6136555278688525 0.18193363594821016 0.044550295081967214 0.03615441888804265
0 0.6250266491803278 0.11061053465346532 0.042105757377049184 0.023187838537699925
0 0.5638449049180329 0.13900343031226198 0.026881101639344263 0.024953565879664887
0 0.5625273442622951 0.1798715734958111 0.04078709508196722 0.023774367098248286
0 0.5434403409836066 0.20659547296268088 0.048892957377049184 0.034387156130997715
0 0.49908834098360655 0.2231979162223914 0.04661586885245902 0.027510031987814165
0 0.5264288262295083 0.18802616298552932 0.03140994098360656 0.03890281188118812
0 0.4965512655737705 0.19028629398324443 0.022743344262295084 0.02691889718202589
0 0.40832537704918037 0.22970961157654227 0.041723488524590166 0.02818715003808073
0 0.4291617836065574 0.1899899588728103 0.027504629508196723 0.026653270373191165
0 0.45662014426229514 0.2599496115765422 0.038291881967213115 0.04151608834729627
0 0.44634735737704917 0.2350927768469154 0.02941707540983607 0.04612693983244478
0 0.32227632786885246 0.22689212490479813 0.046134452459016394 0.030754364051789794
0 0.17815215737704918 0.3232455628332064 0.03824451147540984 0.03997299619192689
0 0.24603407213114756 0.29454404874333584 0.05447386229508197 0.030749757806549885
0 0.3517187409836066 0.3926923869002285 0.048051304918032785 0.024089127189642043
0 0.747485980327869 0.2642303488194973 0.03173822950819672 0.028012112718964203
0 0.8106099147540983 0.1661987022086824 0.02127816393442623 0.031637227722772276
0 0.8962050885245901 0.11503560091393751 0.02127816393442623 0.03855734348819497
0 0.7823550688524591 0.17903784310738763 0.03050219016393443 0.030674522467631377
0 0.12888243934426227 0.42143689261233813 0.0447463868852459 0.03975189642041127
0 0.14032186229508195 0.3699436770753998 0.05142782950819673 0.044695932977913175
0 0.15647850491803278 0.4333732094440213 0.03448131147540984 0.052543439451637475
0 0.08810525901639343 0.49991195734958105 0.044335475409836074 0.037692904798172125
0 0.34000500983606563 0.9616481218583396 0.03263055737704918 0.042018169078446306
0 0.3593927606557377 0.9246968225437928 0.030735737704918036 0.04325571363290175
0 0.3150594885245902 0.8944076892612337 0.02813807213114754 0.030620782939832444
0 0.3029998426229508 0.9957573678598629 0.05461927868852459 0.04696067022086824
0 0.47802279344262294 0.8795049504950494 0.033183580327868854 0.030121773038842347
0 0.48719283934426233 0.8454233419649656 0.029693586885245902 0.030126379284082253
0 0.5286023606557377 0.848085751713633 0.033330098360655744 0.043667204874333586
0 0.7897768131147541 0.27287012947448586 0.024313180327868854 0.023221617669459255
0 0.8904875803278688 0.0704271865955826 0.02284910163934426 0.027170705255140898
0 0.9111323016393442 0.030882571210967217 0.013413560655737705 0.022565995430312263
0 0.9622637901639346 0.11096060929169838 0.029781718032786886 0.02497659710586443
0 0.8216263081967212 0.2578614470677837 0.021817967213114756 0.030453422696115767
0 0.8421652721311477 0.2621345072353389 0.020142373770491807 0.029797800456968775
0 0.963311449180328 0.28262001523229247 0.02182127213114754 0.024317904036557505
0 0.9162582295081967 0.47542208682406695 0.03879753442622951 0.018621514089870526
0 0.8163968262295084 0.5369860898705254 0.034375554098360656 0.022128402132520944
0 0.8632418360655738 0.4580043381568926 0.028714229508196725 0.017965891850723534
0 0.9251649836065575 0.527236204112719 0.02558887868852459 0.025853319116527034
0 0.9448667016393444 0.4380654379284082 0.021399344262295086 0.027166099009900992
0 0.8954130098360656 0.4323705833968012 0.02808739672131148 0.02190730236100533
0 0.8852470819672132 0.4547170144706778 0.03039312786885246 0.02366381721249048
0 0.868270819672131 0.5678786412795126 0.03500569180327869 0.026946534653465345
0 0.8812547409836066 0.5471735689261235 0.015741324590163936 0.02059452246763138
0 0.8673278163934426 0.5072988392993145 0.019281993442622953 0.03198730236100533
0 0.8460540590163935 0.5395057060167555 0.026200288524590165 0.029797800456968775
0 0.8324289836065573 0.4626044417364813 0.02368634754098361 0.024096804265041887
0 0.8128319213114755 0.47684695201827876 0.01844474754098361 0.034615932977913176
0 0.8015037639344263 0.44584538613861385 0.02684915409836066 0.03308512414318355
0 0.7867384918032787 0.4540613922315308 0.022426072131147542 0.030674522467631377
0 0.7961685245901641 0.6141069185072354 0.02368304262295082 0.022128402132520944
0 0.8153381508196723 0.6152032048743337 0.02894337049180328 0.019059107387661842
0 0.7695518163934426 0.623089096725057 0.019912131147540986 0.03177080883472962
0 0.787680393442623 0.5900070434120335 0.020120340983606558 0.02476010357958873
0 0.7507931016393442 0.6051247402894135 0.02808739672131148 0.02913910738766184
0 0.7613765508196723 0.4801312048743336 0.030812852459016393 0.01533572581873572
0 0.7723687081967212 0.4913059558263519 0.028106124590163938 0.018400414318354912
0 0.7649392524590165 0.5068612460015233 0.03332569180327869 0.016215518659558264
0 0.775618544262295 0.5364394821020563 0.01951554098360656 0.024973526275704497
0 0.7434473704918034 0.641494117288652 0.02642942950819672 0.027384127951256665
0 0.7345472262295081 0.6310870738766183 0.022007449180327873 0.02935713632901752
0 0.7360157114754098 0.5829963381568927 0.021169101639344264 0.019938900228484387
0 0.7483838163934426 0.563169523229246 0.029132852459016395 0.025853319116527034
0 0.7557185311475411 0.541039585681645 0.022426072131147542 0.019717800456968772
0 0.749116406557377 0.5216503640517898 0.02640849836065574 0.02125321553693831
0 0.7323494557377048 0.5395057060167555 0.016349429508196723 0.021474315308453923
0 0.7262706098360656 0.5178148971820259 0.024731803278688527 0.029797800456968775
0 0.7137879344262296 0.5501323137852245 0.021609757377049184 0.020373422696115764
0 0.7003853901639343 0.5379718263518659 0.035001285245901646 0.022784024371667936
0 0.7063584786885245 0.478598860624524 0.027245744262295084 0.045133526275704494
0 0.696401862295082 0.5021505925361766 0.024943318032786887 0.03351811119573496
0 0.689686268852459 0.4251403137852246 0.02622232131147541 0.035933319116527036
0 0.6429558295081967 0.41407611271896416 0.02033185573770492 0.031328609291698395
0 0.6908374819672131 0.630099801980198 0.02936199344262295 0.020376493526275703
0 0.7004790295081967 0.5989907570449353 0.02559218360655738 0.026069812642802743
0 0.6645435540983606 0.6320728103579588 0.025781665573770495 0.023880310738766185
0 0.7002708196721312 0.6820260045696876 0.023916590163934427 0.02563529017517136
0 0.6624493377049181 0.6784101020563594 0.022007449180327873 0.03330161766945925
0 0.6386583344262295 0.69199545468393 0.02724904918032787 0.03286402437166794
0 0.15815299672131147 0.48058568773800453 0.03641579016393443 0.040616335110434124
0 0.1316629770491803 0.4607895811119573 0.027019908196721315 0.04924997410510282
0 0.8607367081967214 0.2827597380045697 0.03405057049180328 0.03287170144706778
0 0.49811559344262296 0.4002711957349581 0.03879753442622951 0.04184620258948972
0 0.458094137704918 0.4194439238385376 0.03793825573770492 0.03505659710586444
0 0.4495002491803278 0.5033558933739527 0.024101665573770494 0.05039232292460016
0 0.3518278032786885 0.6089602071591774 0.03793825573770492 0.04031232292460015
0 0.4042272786885246 0.6234192109672506 0.045060354098360664 0.034615932977913176
0 0.4744424655737705 0.7382237319116526 0.029555881967213114 0.03242643107387662
0 0.1165672131147541 0.4847727646610815 0.022091173770491804 0.053142251332825595
0 0.3227423213114754 0.9258099984767709 0.04209143606557377 0.036579728865194214
0 0.9589192131147543 0.19739065955826346 0.01844474754098361 0.02913910738766184
0 0.941942950819672 0.0870787631378522 0.016769154098360658 0.031112115765422697
0 0.9007460459016393 0.20122612642802737 0.02244810491803279 0.027166099009900992
0 0.8964507540983607 0.4913059558263519 0.01762512786885246 0.02891800761614623
0 0.8595623606557378 0.47750257425742576 0.02894667540983607 0.02497659710586443
0 0.9217168524590164 0.4312727616146229 0.02661891147540984 0.027605227722772276
0 0.9314641573770491 0.38909951561309974 0.02053896393442623 0.026507405940594062
0 0.9029735606557376 0.40445673724295506 0.025598793442622954 0.030849559786747905
0 0.7691210754098361 0.4610720974866717 0.03749319344262295 0.019280207159177457
0 0.7795436852459016 0.5674993937547601 0.025682518032786886 0.028145693830921553
0 0.6611923672131147 0.42962986747905557 0.03458266229508197 0.025194626047220108
0 0.6476609311475409 0.6619780898705254 0.035650150819672134 0.03154970906321401
0 0.6279867540983607 0.5988402863670982 0.027741481967213117 0.03469577456207159
0 0.6314293770491805 0.5718231226199542 0.018233232786885246 0.03571221934501142
0 0.5969392524590164 0.5503518781416602 0.0243352131147541 0.03177080883472962
0 0.6121451803278689 0.46983624676313784 0.031650098360655736 0.03856041431835491
0 0.5386845639344262 0.5351251667936024 0.025151527868852462 0.03943713632901752
0 0.5985223081967213 0.6648877014470677 0.04129274754098361 0.024222708301599387
0 0.4731744786885246 0.3031654044173648 0.047683357377049186 0.028724545316070067
0 0.47277017704918034 0.3638296542269611 0.04849196065573771 0.02839289565879665
0 0.37329324590163937 0.3639924082254379 0.050011121311475414 0.04049196648895659
0 0.9482432262295082 0.21062440213252087 0.012968498360655738 0.028294629093678598
0 0.9076312918032787 0.15206981264280275 0.016750426229508196 0.03576135262757045
0 0.9381489049180327 0.3037979954303123 0.022557167213114758 0.02515163442498096
0 0.9370208262295082 0.3289480944402133 0.01767249836065574 0.02514856359482102
0 0.5953187409836066 0.14571012338156888 0.02447401967213115 0.03285941812642803
0 0.2209023737704918 0.34146172734196495 0.044924852459016396 0.03757007159177456
0 0.2611705967213115 0.7007166123381567 0.0559456524590164 0.024961242955064737
0 0.2942032524590164 0.8078455932977914 0.043504839344262296 0.04402495658796649
0 0.3920938229508197 0.7695523412033513 0.03546838032786886 0.03065149124143184
0 0.2531793049180328 0.48642487128712864 0.02719176393442623 0.052151908606245245
0 0.36903981639344263 0.46554015536938304 0.03333670819672131 0.036579728865194214
0 0.474259593442623 0.3844687037319116 0.043741691803278686 0.03509958872810358
0 0.5009776524590165 0.2508753084539223 0.04941733770491804 0.02941394668697639
0 0.650651881967213 0.19118604722010663 0.021042413114754098 0.049927092155369376
0 0.6696860065573771 0.21391786747905553 0.01844034098360656 0.041393255140898706
0 0.7265845770491804 0.30518601066260465 0.0324840393442623 0.03264292460015233
0 0.4712983868852459 0.45351171363290177 0.03793495081967213 0.03264599543031226
0 0.4880664393442623 0.6421512749428789 0.029132852459016395 0.02476010357958873
0 0.6255609442622951 0.6525583183549123 0.02033185573770492 0.017965891850723534
0 0.605753468852459 0.6824635978674791 0.028921337704918032 0.024317904036557505
0 0.6945169573770492 0.5744517532368622 0.019912131147540986 0.038339314546839295
