0 0.8810200278053624 0.729856535117057 0.018444297914597816 0.018337605351170568
0 0.8854564289970207 0.6842735518394648 0.024994796425024824 0.02367379264214047
0 0.8871761350546177 0.7067991973244148 0.023144961271102285 0.02290515050167224
0 0.8627739265143992 0.7300877056856189 0.016398268123138035 0.031691558528428095
0 0.8504086593843098 0.6990684682274247 0.018910760675273086 0.03340607357859532
0 0.8489542164846078 0.7280842274247492 0.013094991062562065 0.025390234113712377
0 0.8084330168818272 0.7260614849498328 0.025392190665342602 0.020042488294314383
0 0.8275950268123137 0.6913358127090302 0.018249104270109236 0.021381351170568563
0 0.8227031737835154 0.6832255785953177 0.019308154915590865 0.03378943143812709
0 0.8174779900695135 0.7091821806020067 0.02340922343594836 0.016607678929765887
0 0.8019365719960277 0.7025032775919732 0.017193056603773585 0.027682675585284283
0 0.7921518649453824 0.6811219264214047 0.011903809334657399 0.03340607357859532
0 0.7774713008937437 0.664610568561873 0.019840683217477655 0.026345739130434784
0 0.7692721668321747 0.6774964013377925 0.022482303872889773 0.016989110367892978
0 0.7512863237338628 0.6753002809364549 0.025657453823237336 0.0377983143812709
0 0.7294756861966235 0.66277854180602 0.025921715988083415 0.019851772575250837
0 0.7316448381330684 0.6271975384615385 0.01759045084409136 0.0377983143812709
0 0.7147831102284011 0.6390315451505016 0.022218041708043694 0.044286501672240804
0 0.7008953326713009 0.6286269431438127 0.01481269513406157 0.03798903010033445
0 0.6873398848063555 0.6357855250836122 0.025260059582919565 0.03893875585284281
0 0.6674491519364449 0.6396807491638796 0.025127928500496523 0.04084976588628763
0 0.6735852393247269 0.6101101806020068 0.02261543594836147 0.016226247491638795
0 0.6920355431976167 0.5990390367892977 0.017987845084409135 0.03913139799331104
0 0.6757013386295928 0.5873938193979934 0.021294125124131084 0.037605672240802676
0 0.6485233763654419 0.5622925484949833 0.03015591658391261 0.03053955852842809
0 0.6473321946375372 0.5898750501672241 0.02433614299900695 0.03951282943143813
0 0.6476635233366433 0.6295824481605352 0.01679566236345581 0.04485864882943144
0 0.6153274438927507 0.6208018193979933 0.029887650446871895 0.025390234113712377
0 0.6166497557100297 0.6013314782608696 0.03306179940417081 0.02576588628762542
0 0.6286316425024825 0.5896669966555184 0.031078832174776562 0.029397190635451504
0 0.6173764766633564 0.5622925484949833 0.030285044687189674 0.023669939799331102
0 0.5851074637537239 0.6048606822742475 0.027904683217477657 0.0358853779264214
0 0.5983976484607746 0.5874901404682275 0.02936112810327706 0.037033525083612046
0 0.5757832135054618 0.5789965484949834 0.027507288977159882 0.0425700602006689
0 0.5547533505461768 0.5979910635451505 0.028302077457795432 0.02978054849498328
0 0.5436463316782523 0.5768004280936455 0.03068143793445879 0.019851772575250837
0 0.5620295690168818 0.5481661003344482 0.028036814299900695 0.03436157859531772
0 0.548286935451837 0.5542555183946488 0.031476226415094344 0.02882504347826087
0 0.519839714001986 0.5667772575250837 0.029358125124131083 0.03531323076923077
0 0.4969600158887785 0.5481661003344482 0.014283169811320755 0.04848610033444816
0 0.4739601986097319 0.5645618729096992 0.03253527706057597 0.023860655518394648
0 0.44015566236345577 0.584436762541806 0.027375157894736844 0.029015759197324416
0 0.4239555908639523 0.585679304347826 0.021688516385302878 0.03798903010033445
0 0.4141018152929493 0.567732762541806 0.023144961271102285 0.04447721739130435
0 0.4328153803376365 0.5591447759197326 0.026980766633565044 0.03302464214046823
0 0.44538084607745776 0.5499788628762543 0.025921715988083415 0.038753819397993314
0 0.45602740814299897 0.5173356521739131 0.01838423833167825 0.048299237458193985
0 0.45093535650446864 0.5299363745819399 0.025392190665342602 0.03990004013377927
0 0.4294440357497517 0.5329916789297658 0.013094991062562065 0.04104240802675586
0 0.4136393565044687 0.5382392508361205 0.022221044687189672 0.038179745819397995
0 0.4096043535253227 0.5231572976588629 0.019969811320754715 0.050397110367892975
0 0.4281877894736842 0.4966266220735786 0.012429330685203575 0.04886753177257525
0 0.4125823078450844 0.4864127357859532 0.023011829195630586 0.04333484949832776
0 0.3952561191658391 0.49309356521739134 0.011903809334657399 0.04753444816053511
0 0.3859448818272095 0.5342111036789298 0.03240014299900695 0.029589832775919735
0 0.374558585898709 0.5111345016722408 0.029758522343594836 0.021381351170568563
0 0.3629200397219463 0.5321305685618729 0.025263062562065543 0.04084976588628763
0 0.28879149950347566 0.5578078394648831 0.012433334657398213 0.02996741137123746
0 0.3086291797418073 0.5595242809364549 0.029626391261171794 0.029589832775919735
0 0.3291295173783515 0.5511250836120402 0.03306179940417081 0.01966105685618729
0 0.3300544349553127 0.5224907558528429 0.013753644488579941 0.03684280936454849
0 0.34235563853028794 0.5099882809364549 0.013489382323733864 0.0377983143812709
0 0.35670487388282024 0.4860293779264215 0.03160835749751738 0.023095866220735787
0 0.3249633843098311 0.48812917725752514 0.031078832174776562 0.02157206688963211
0 0.31406657398212506 0.5146463678929766 0.020102943396226414 0.029015759197324416
0 0.30003365243296914 0.5359487357859531 0.021158991062562065 0.01870940468227425
0 0.2975211598808341 0.5013983678929766 0.01586874280039722 0.04543272240802676
0 0.2866083336643495 0.5167654314381271 0.013091988083416087 0.04944160535117057
0 0.27973151142005953 0.5087457391304347 0.004362327706057597 0.036078020066889635
0 0.26849035948361466 0.4842166153846154 0.021555384309831182 0.0377983143812709
0 0.2710689175769612 0.5236350501672241 0.01666353128103277 0.04409963879598662
0 0.2613622879841112 0.5183682140468228 0.016004877855014896 0.04485864882943144
0 0.273117950347567 0.5624851906354515 0.029758522343594836 0.04237934448160535
0 0.2553973704071499 0.5639145953177259 0.021029862959285005 0.028441685618729097
0 0.23443357298907644 0.5842460468227425 0.03253527706057597 0.019086983277591976
0 0.23476490168818268 0.5619111170568563 0.026848635551142006 0.025197591973244147
0 0.23544057199602775 0.5426103010033445 0.030019781529294937 0.014700521739130435
0 0.22451473286991058 0.5095105284280936 0.016134005958291956 0.023483076923076922
0 0.21929155114200594 0.533276789297659 0.01679566236345581 0.024816160535117055
0 0.2479249572989076 0.5185781939799331 0.011903809334657399 0.037033525083612046
0 0.23707919761668317 0.5111325752508361 0.015077958291956305 0.03932211371237458
0 0.24574279245283012 0.48259456856187294 0.027109894736842104 0.028828896321070233
0 0.22332655412115188 0.4729547558528428 0.023011829195630586 0.02176278260869565
0 0.2272944905660377 0.4557749297658863 0.03676547368421052 0.021381351170568563
0 0.21439769612711018 0.49136941806020074 0.026848635551142006 0.019268066889632108
0 0.19813155908639518 0.45367320401337796 0.015739614697120156 0.038557324414715724
0 0.18186342005958286 0.4441277859531773 0.024204011916583914 0.017944615384615385
0 0.17055620258192647 0.50741072909699 0.015074955312810329 0.04142383946488295
0 0.18761712810327702 0.5012057257525084 0.022482303872889773 0.032837779264214044
0 0.18432285998013898 0.47656294314381276 0.023011829195630586 0.03798903010033445
0 0.2024298232373386 0.5373819933110369 0.021158991062562065 0.03989426086956522
0 0.18503857000993046 0.5348988361204015 0.019444289970208542 0.034929872909699
0 0.17141505461767623 0.5394817926421405 0.018910760675273086 0.018514836120401338
0 0.16625793843098308 0.5605741806020068 0.013621513406156902 0.03398014715719063
0 0.20328867527308833 0.5667791839464882 0.033991721946375376 0.025390234113712377
0 0.1784910744786494 0.5578078394648831 0.017193056603773585 0.03340607357859532
0 0.18966716186693144 0.583575652173913 0.027113898709036743 0.020042488294314383
0 0.17736695928500493 0.5957949431438126 0.026584373386295927 0.016607678929765887
0 0.15521398212512408 0.5853903411371237 0.016927793445878848 0.04886753177257525
0 0.1404683535253227 0.5875845351170569 0.012297199602780537 0.03837046153846154
0 0.143773632571996 0.5573300869565218 0.02763942005958292 0.028256749163879602
0 0.12816815094339618 0.5746062341137124 0.013621513406156902 0.042188628762541806
0 0.1389458430983118 0.5350856989966555 0.025657453823237336 0.021943866220735787
0 0.1551469155908639 0.5116970167224081 0.016266137040714997 0.04579103678929766
0 0.14516901688182718 0.46558619397993317 0.0169117775571003 0.05154333110367893
0 0.13134229990069507 0.49557479598662213 0.019440285998013902 0.04104240802675586
0 0.115273358490566 0.5118973645484951 0.02856633962264151 0.04237934448160535
0 0.0947089572989076 0.5057886822742474 0.02155938828202582 0.054213351170568566
0 0.05987139622641505 0.4930743010033445 0.03438611320754717 0.043138354515050166
0 0.7351523177755711 0.9794571772575251 0.022221044687189672 0.03550394648829431
0 0.7589439205561073 0.9074359866220736 0.023191006951340618 0.03988077591973244
0 0.9019467884806355 0.9462726421404681 0.030526284011916583 0.032928321070234114
0 0.8590182005958292 0.8706297792642141 0.008596528301886792 0.018451264214046824
0 0.8997205799404171 0.8618510769230769 0.010470387288977161 0.017337792642140467
0 0.9068836861966235 0.8954941003344483 0.026120913604766635 0.0314950635451505
0 0.8959728619662364 0.8427583143812709 0.02721900297914598 0.025929632107023412
0 0.8878728262164847 0.8696434515050168 0.023585398212512414 0.020206234113712376
0 0.8707898788480636 0.8476918795986623 0.015210089374379345 0.02879036789297659
0 0.8606508202581926 0.8335326822742475 0.027113898709036743 0.04024294314381271
0 0.8901310665342602 0.8171503946488294 0.03207181727904667 0.030067585284280936
0 0.8760240714995033 0.7937655652173914 0.025017819265143994 0.028476361204013378
0 0.85954772591857 0.7775373913043478 0.015871745779543197 0.03801792642140468
0 0.8407560834160874 0.7816753444816055 0.019288135054617676 0.038973431438127086
0 0.8447800754716981 0.8096701003344483 0.028877648460774577 0.023066969899665554
0 0.832843233366435 0.8229065418060201 0.023031849056603774 0.02672331772575251
0 0.8094009771598808 0.8698014180602007 0.018735586891757697 0.036746488294314386
0 0.8097883614697119 0.8442705551839466 0.024137946375372393 0.034993444816053515
0 0.8074940854021846 0.8298262474916389 0.024137946375372393 0.0377019933110368
0 0.8291846037735849 0.8480887224080267 0.015759634558093347 0.03849953177257525
0 0.8350243972194638 0.880938060200669 0.013115010923535253 0.027201070234113715
0 0.8487089731876861 0.8644999063545151 0.02214496921549156 0.049784508361204016
0 0.8646177557100296 0.9126758528428095 0.01498886991062562 0.03594894983277592
0 0.8389933346573981 0.9100501404682275 0.027666446871896722 0.03420361204013378
0 0.8239494101290963 0.9138683076923076 0.030638395233366436 0.026245565217391305
0 0.8419692869910627 0.9490235719063547 0.016643511420059584 0.04660783946488294
0 0.8259964409136048 0.9451264214046824 0.026106899702085403 0.03881546488294314
0 0.8657979265143991 0.9478619397993312 0.026782570009930486 0.030067585284280936
0 0.8820850844091361 0.9406744615384616 0.01598185501489573 0.04613393979933111
0 0.8935504587884805 0.9168099531772577 0.020169008937437935 0.0394511839464883
0 0.9104672413108242 0.918638127090301 0.025567364448857995 0.03929321739130435
0 0.9396391817279046 0.9286959732441473 0.030751507447864944 0.03785995986622074
0 0.9440795868917575 0.8975611505016724 0.013224119165839127 0.026407384615384614
0 0.9323669672293942 0.8823250836120401 0.028765537239324727 0.025929632107023412
0 0.9537241549155908 0.8723481471571908 0.011572480635551143 0.031337096989966555
0 0.9508593128103277 0.850475558528428 0.017302164846077456 0.026407384615384614
0 0.9360906613704072 0.8425194381270903 0.020609445878848064 0.025451879598662207
0 0.9397833247269115 0.8269308361204014 0.03041717576961271 0.020042488294314383
0 0.9177955114200596 0.8222400000000001 0.018847698113207547 0.03929321739130435
0 0.913056810327706 0.7995717993311037 0.017302164846077456 0.04358721070234114
0 0.8975153922542205 0.7786508628762542 0.019506351539225423 0.038973431438127086
0 0.8999618192651438 0.7556185685618729 0.024796599801390266 0.03785995986622074
0 0.9297663872889772 0.7998800267558529 0.014051940417080437 0.02187258862876254
0 0.9447352373386295 0.8041200802675585 0.006153104270109235 0.015245698996655517
0 0.9399605004965244 0.8004232775919733 0.005971924528301887 0.020416214046822742
0 0.9667781052631579 0.7468533511705685 0.01919604369414101 0.026378488294314384
0 0.9679282462760675 0.7645513846153846 0.023144961271102285 0.013783545150501673
0 0.9482717457795431 0.7856957859531772 0.020390228401191656 0.024787264214046822
0 0.9438183277060576 0.766604949832776 0.01754040119165839 0.02479304347826087
0 0.9415230506454816 0.7471866220735787 0.015154033763654418 0.016704
0 0.9245762383316782 0.7707929899665553 0.01579967428003972 0.026116494983277592
0 0.9213160039721946 0.7437171371237459 0.02066550148957299 0.017343571906354518
0 0.9360726434955313 0.6890491505016723 0.014541426017874877 0.01811799331103679
0 0.9312128222442899 0.7236245618729098 0.015382260178748759 0.024525270903010033
0 0.9139526991062562 0.7234049498327759 0.015001882820258192 0.022537204013377925
0 0.9254100655412114 0.7025129096989967 0.016150021847070505 0.016904347826086956
0 0.9142570009930485 0.6585808695652176 0.021052885799404168 0.011772361204013378
0 0.9324760754716982 0.6594554648829432 0.012234137040714995 0.026565351170568564
0 0.9080308242303873 0.6470454581939801 0.021602430983118173 0.014157270903010033
0 0.8949158133068521 0.6587388361204013 0.01344633962264151 0.034993444816053515
0 0.8829559483614697 0.6525338327759198 0.01598185501489573 0.03181484949832776
0 0.8752432969215491 0.6349571638795988 0.01598185501489573 0.013201765886287626
0 0.8719680476663356 0.6237415384615386 0.026120913604766635 0.017181752508361205
0 0.8609701370407149 0.6514993444816054 0.014544428997020853 0.03960915050167224
0 0.8468090883813306 0.6705111973244148 0.013776667328699106 0.02163371237458194
0 0.8451554478649453 0.642273712374582 0.014878760675273089 0.036426702341137124
0 0.8319843813306852 0.6403646287625419 0.023585398212512414 0.04724741137123746
0 0.8058074121151936 0.6659764013377926 0.02325406951340616 0.04374517725752508
0 0.8127853346573982 0.6483997324414718 0.028325100297914598 0.03594894983277592
0 0.8120906454816287 0.6185710234113713 0.01796382125124131 0.03324425418060201
0 0.8079034915590864 0.599322220735786 0.02192975571002979 0.022111464882943146
0 0.7916453624627606 0.5758603344481604 0.017193056603773585 0.01972848160535117
0 0.7770428758689174 0.5791217658862876 0.02391572591857001 0.03706627424749164
0 0.7636525918570009 0.5966194515050167 0.0149918728897716 0.03547505016722408
0 0.7899386693147965 0.6145929632107024 0.03141016087388282 0.0373860602006689
0 0.7827755630585898 0.6484787157190636 0.020830665342601785 0.026569204013377926
0 0.7665744905660378 0.6372650167224081 0.023694506454816286 0.03595280267558528
0 0.748884941410129 0.6272399197324414 0.025349147964250248 0.043273204013377926
0 0.7511441827209534 0.6007554782608695 0.01201291757696127 0.030061806020066893
0 0.7378069513406156 0.5861204548494984 0.020169008937437935 0.0456561872909699
0 0.7197340218470705 0.5940746488294316 0.024796599801390266 0.04374517725752508
0 0.7224877537239324 0.5357715050167224 0.020830665342601785 0.0314950635451505
0 0.2877474637537239 0.38130718394648827 0.014548432969215493 0.04218284949832776
0 0.30451710029791457 0.46316082943143816 0.012826724925521352 0.03837046153846154
0 0.29261329096325717 0.4566726421404683 0.010979892750744786 0.027295464882943144
0 0.2971107527308838 0.4317601605351171 0.026845632571996028 0.038179745819397995
0 0.28051328699106254 0.47929268227424754 0.01666353128103277 0.03970354515050167
0 0.2631860973187686 0.45962199331103687 0.026186979145978152 0.01910239464882943
0 0.25802898113207545 0.44349977257525086 0.03227101489572989 0.026914033444816056
0 0.27945423634558086 0.43300077591973246 0.01269759682224429 0.03531708361204013
0 0.27687367626613696 0.4070383946488294 0.014415300893743795 0.016607678929765887
0 0.2660299185700099 0.39281562541806025 0.031078832174776562 0.01832219397993311
0 0.2520130129096325 0.41419697658862875 0.02340922343594836 0.0358853779264214
0 0.24394400794438922 0.4294696454849499 0.013621513406156902 0.03206913712374582
0 0.22423745779543194 0.4429256989966555 0.029758522343594836 0.018131478260869565
0 0.22932950943396221 0.3850868227424749 0.01295885600794439 0.02157206688963211
0 0.21173905858987085 0.4231702474916388 0.013224119165839127 0.018705551839464884
0 0.227346542204568 0.41744107023411375 0.025127928500496523 0.04657894314381271
0 0.1640637616683217 0.42708088294314384 0.025260059582919565 0.015842889632107025
0 0.19130578748758684 0.41906504347826085 0.03160835749751738 0.02882504347826087
0 0.20736371797418068 0.396206127090301 0.032972711022840114 0.019225685618729095
0 0.17622782919563054 0.39647197324414724 0.02764342403177756 0.018695919732441474
0 0.19217364846077453 0.380193712374582 0.03664635551142006 0.01935475585284281
0 0.16817984508440909 0.36768738461538464 0.029082852035749753 0.023754702341137125
0 0.1670156901688182 0.3469090033444816 0.032833572989076465 0.024854688963210702
0 0.8165110307845085 0.492234381270903 0.029095864945382324 0.022146140468227424
0 0.8001127626613703 0.5136138060200669 0.029095864945382324 0.02443858193979933
0 0.7864231817279046 0.5040703143812709 0.014945827209533268 0.022140361204013376
0 0.7628167626613703 0.48421854180602014 0.017722581926514398 0.01565217391304348
0 0.7559269275074478 0.5115910635451505 0.03174148957298908 0.03245056856187291
0 0.7854321986097319 0.48727191973244144 0.02354235551142006 0.03053955852842809
0 0.7588348123138033 0.4717911973244147 0.029095864945382324 0.03225985284280937
0 0.7987634240317776 0.4587531772575251 0.014283169811320755 0.01870940468227425
0 0.7857365004965242 0.44558030769230766 0.013360254220456802 0.03970354515050167
0 0.7684343356504468 0.4460850301003345 0.024389195630585902 0.018418515050167224
0 0.7422523614697119 0.45007079598662214 0.02647126117179742 0.02364104347826087
0 0.7479660297914597 0.43440321070234117 0.03256830983118173 0.020339157190635452
0 0.7651060337636543 0.4214827023411371 0.02990066335650447 0.03023903678929766
0 0.7426337398212512 0.40650092307692315 0.017329191658391262 0.036010595317725755
0 0.7205988798411121 0.4176356387959867 0.03847116583912612 0.03546156521739131
0 0.9596089930486593 0.5193699531772575 0.013115010923535253 0.023860655518394648
0 0.9603026812313803 0.5036368695652175 0.023585398212512414 0.039770969899665554
0 0.94355506653426 0.48033487625418064 0.013710601787487588 0.035184160535117054
0 0.9261287785501489 0.48115938461538466 0.016190061569016884 0.038486046822742474
0 0.9604087864945381 0.4749736454849498 0.01656743594836147 0.02721455518394649
0 0.9547912135054617 0.4404772173913044 0.029708472691161867 0.04343117056856187
0 0.9788450764647467 0.41515826086956525 0.022091916583912612 0.045355665551839466
0 0.9599172989076463 0.4013824214046823 0.016200071499503477 0.032770354515050164
0 0.9445430466732869 0.40886078929765884 0.011019932472691162 0.021953498327759197
0 0.9411817120158887 0.38579381939799334 0.02193275868917577 0.0232249364548495
0 0.9238234915590863 0.3892112909698997 0.013227122144985105 0.03515526421404683
0 0.9145102522343594 0.38274044147157193 0.02303585302879841 0.041676200668896324
0 0.9341787646474677 0.43737182608695657 0.012562462760675274 0.04695652173913044
0 0.9204831777557101 0.4224825150501672 0.017709569016881827 0.044286501672240804
0 0.9075903872889771 0.42964109698996655 0.018106963257199606 0.05020639464882943
0 0.8917526752730884 0.4500284147157191 0.014018907646474678 0.04944160535117057
0 0.8260905342601786 0.46246346488294315 0.02491872095332671 0.03046828093645485
0 0.8069665620655412 0.4507816454849499 0.013965855014895731 0.03642092307692307
0 0.7943500456802383 0.4271849096989967 0.03221495928500497 0.03825102341137124
0 0.8111717338629594 0.422374635451505 0.022694514399205563 0.024968347826086958
0 0.8268833207547169 0.4342856989966555 0.025551348560079443 0.03229838127090301
0 0.8413256484607745 0.40783015384615384 0.024597402184707053 0.016952508361204016
0 0.8429923018867924 0.4306216454849499 0.018411265143992054 0.03183989297658863
0 0.8593395193644489 0.44230346488294325 0.022221044687189672 0.03275686956521739
0 0.8769559960278053 0.4484872775919733 0.015554430983118173 0.037337899665551844
0 0.8847317100297913 0.4174487759197325 0.026027821251241312 0.024280615384615387
0 0.893302212512413 0.39122247491638795 0.01777263157894737 0.03321535785953177
0 0.8679100218470704 0.3987817525083613 0.030151912611717974 0.02221741806020067
0 0.8567209215491559 0.3798835585284281 0.03253527706057597 0.019699585284280938
0 0.8389452869910624 0.37197945150501677 0.034124854021847076 0.0231382474916388
0 0.8336300139026812 0.3920238662207359 0.025710506454816286 0.022450515050167222
0 0.8185520556107249 0.406113712374582 0.036818526315789475 0.02909281605351171
0 0.7948895809334657 0.40010905685618736 0.01666353128103277 0.022675906354515052
0 0.7764172552135055 0.39339740468227424 0.020791626613704074 0.041233123745819396
0 0.7646706017874875 0.38148634113712376 0.027772552135054616 0.03985573244147157
0 0.739278411122145 0.37427189297658864 0.03443916583912612 0.024051371237458194
0 0.7183926911618668 0.38247074247491647 0.026186979145978152 0.04283783277591973
0 0.6798064111221448 0.40817690969899667 0.02266448460774578 0.044535010033444816
0 0.6990414935451837 0.3947092976588629 0.018474327706057597 0.05552331772575251
0 0.7137060417080437 0.34962525752508367 0.04056624428997021 0.02419007357859532
0 0.6818053942403176 0.36350897658862874 0.02056640317775571 0.039861511705685616
0 0.6938993922542205 0.33217187959866223 0.03332706256206554 0.026110715719063544
0 0.6717113803376364 0.3309331906354515 0.02170853624627607 0.028586167224080267
0 0.6674261290963256 0.36543154515050164 0.016951817279046672 0.04810274247491639
0 0.6591429116186692 0.38233781939799333 0.012949847070506455 0.050029163879598666
0 0.6474292909632572 0.37752754515050174 0.011615523336643495 0.04810852173913043
0 0.646668536246276 0.34028018729097 0.023803614697120157 0.03023903678929766
0 0.6387636941410128 0.32667387290969896 0.024756560079443893 0.029412602006688965
0 0.6145777000993047 0.3416556521739131 0.019807650446871897 0.047831117056856186
0 0.6341000675273087 0.3707927759197325 0.018474327706057597 0.04618210033444817
0 0.6217197855014895 0.38687454180602004 0.02456436941410129 0.0470046822742475
0 0.6065787646474677 0.40666659531772575 0.013330224428997022 0.018418515050167224
0 0.5623008381330684 0.42494448160535114 0.032949688182720954 0.030788066889632107
0 0.5942945779543197 0.4144974983277593 0.03256830983118173 0.034635130434782606
0 0.5986739225422045 0.3911338595317726 0.013522415094339622 0.020893966555183947
0 0.5993425858987091 0.3536129498327759 0.016759626613704073 0.04975561204013378
0 0.5840103753723933 0.368182474916388 0.014283169811320755 0.039861511705685616
0 0.565061576961271 0.38439716387959877 0.027043829195630587 0.04315761872909699
0 0.5657282383316782 0.35924773244147157 0.02304185898709037 0.03902929765886288
0 0.5076416127110227 0.44157720401337797 0.02075759285004965 0.04260858862876254
0 0.5030720794438927 0.4135381404682275 0.023422236345580934 0.04095957190635451
0 0.5359236703078449 0.41724842809364554 0.016759626613704073 0.04728208695652174
0 0.5220208778550149 0.42302191304347825 0.015614490566037736 0.04673113043478261
0 0.5428745660377358 0.37326630100334457 0.017329191658391262 0.04892917725752509
0 0.5244973346573981 0.358972254180602 0.025140941410129097 0.04948013377926421
0 0.5163072095332671 0.32928417391304343 0.01866551737835154 0.04838014715719064
0 0.5022522661370408 0.38121086287625416 0.02990066335650447 0.03958410702341137
0 0.48376892949354516 0.44080278260869565 0.021048881827209535 0.04024872240802675
0 0.4663556544190665 0.44469993311036793 0.02722300695134062 0.02927389966555184
0 0.45255696524329686 0.4261658327759198 0.016970836146971202 0.04231769899665552
0 0.4440885640516385 0.41552620735785956 0.016187058589870906 0.04443868896321071
0 0.42956615690168815 0.4063641471571907 0.01729916186693148 0.04215010033444816
0 0.41972739622641503 0.3868918795986623 0.03189964647467726 0.037567143812709036
0 0.4059977755710029 0.4250311705685619 0.034597322740814306 0.024968347826086958
0 0.3917936842105263 0.4091112240802676 0.01602790069513406 0.04398405351170569
0 0.3895734816285998 0.3794481872909699 0.028408182720953325 0.022679759197324418
0 0.3633865024826216 0.42216850836120406 0.024283090367428005 0.036655946488294316
0 0.3575917537239324 0.39662993979933114 0.015554430983118173 0.044667933110367895
0 0.3477519920556107 0.3794462608695653 0.024442248262164845 0.04237934448160535
0 0.3270494538232373 0.33798389297658865 0.02807985700099305 0.02542683612040134
0 0.3359302641509434 0.3566547692307692 0.029993755710029792 0.03893875585284281
0 0.32600942204568023 0.3864353177257525 0.014601485600794438 0.04169161204013378
0 0.312521040714995 0.3749808160535118 0.014601485600794438 0.05360267558528428
0 0.4525769851042701 0.3738345953177258 0.03158233167825224 0.04581415384615385
0 0.4654337398212512 0.3415362140468228 0.03189964647467726 0.032531478260869565
0 0.43472327308838127 0.35298878929765887 0.034597322740814306 0.02978054849498328
0 0.4079657279046673 0.35566844147157195 0.02745824031777557 0.05612436120401338
0 0.3800790625620655 0.3571729765886288 0.03431304071499503 0.032311866220735785
0 0.8041247428003971 0.37492302341137124 0.02977153525322741 0.029167946488294315
0 0.7934471499503475 0.35802252842809373 0.027398180734856007 0.02364104347826087
0 0.7657797020854022 0.3518888026755853 0.029619384309831184 0.03148157859531772
0 0.9791063356504469 0.3730794381270903 0.01991375571002979 0.05153755183946488
0 0.9959120079443892 0.31250504347826086 0.008176111221449851 0.01606828093645485
0 0.9737650367428003 0.3371844280936455 0.012535435948361469 0.03023903678929766
0 0.9563867964250249 0.3662753177257526 0.03174148957298908 0.05084981939799331
0 0.9347233048659382 0.34600165886287626 0.021741569016881828 0.03321535785953177
0 0.9034442740814299 0.35945000668896326 0.03158233167825224 0.033903090301003344
0 0.880794804369414 0.3665122675585285 0.025991785501489572 0.04056465551839465
0 0.8721151936444884 0.3274059130434783 0.016345215491559085 0.036588521739130436
0 0.8513145580933467 0.34550078929765893 0.02250232373386296 0.03300923076923077
0 0.8480533227408141 0.3323105819397994 0.015795670307845084 0.022269431438127093
0 0.8268552929493543 0.3481110903010034 0.02626906057596822 0.029693859531772577
0 0.7992829394240317 0.33744834782608696 0.03703073684210526 0.024500227424749166
0 0.7790598768619662 0.31788168561872915 0.028765537239324727 0.03181484949832776
0 0.7587257040714995 0.32384781270903007 0.023363177755710028 0.04183994648829431
0 0.7415326474677258 0.3380378327759198 0.016974840119165842 0.047725163879598666
0 0.6970875551142006 0.27406330434782605 0.012035940417080436 0.03626873578595318
0 0.7170573664349552 0.31701479598662213 0.03425398212512413 0.03817396655518395
0 0.689218748758689 0.30937846153846155 0.016927793445878848 0.04810274247491639
0 0.6733480039721946 0.29687213377926425 0.014548432969215493 0.0391352508361204
0 0.6576614419066534 0.308860254180602 0.024333140019860974 0.02825096989966555
0 0.6341991658391261 0.3104283612040134 0.025657453823237336 0.021190635451505017
0 0.618526617676266 0.2987812173913044 0.027109894736842104 0.042188628762541806
0 0.5965057715988084 0.3172055117056856 0.025127928500496523 0.022140361204013376
0 0.551011638530288 0.32751379264214053 0.020367205561072493 0.043521712374581946
0 0.5783217318768619 0.3296135919732442 0.028434208540218473 0.04046833444816054
0 0.5666171201588878 0.295727839464883 0.03359132472691162 0.03111363210702341
0 0.5610626097318768 0.270626568561873 0.03412085004965243 0.02977476923076923
0 0.566552055610725 0.24075162541806022 0.02552432174776564 0.038753819397993314
0 0.5434591459781528 0.23565431438127096 0.028699471698113207 0.04180141806020067
0 0.5378385700099304 0.2986482943143812 0.027904683217477657 0.04982303678929766
0 0.5337385024826217 0.27450252842809364 0.013621513406156902 0.038179745819397995
0 0.5196545302879841 0.2780336588628763 0.02724602979145978 0.05364120401337793
0 0.5013353565044686 0.29387654849498335 0.019969811320754715 0.05440599331103679
0 0.46913441112214493 0.27450252842809364 0.030946701092353524 0.03741495652173913
0 0.4568982720953326 0.3047569765886288 0.03451824428997021 0.02920647491638796
0 0.4331597219463753 0.29912797324414714 0.020235074478649456 0.04619751170568562
0 0.4118535849056603 0.29963847491638795 0.02189972591857001 0.04673113043478261
0 0.39011101489572986 0.30811472909699 0.03174148957298908 0.03023903678929766
0 0.37471674280039713 0.3249497257525084 0.0279307090367428 0.03413233444816054
0 0.35836952532274075 0.3336552240802676 0.01999683813306852 0.043754809364548494
0 0.3499601827209533 0.28841321739130443 0.033962693147964254 0.03573896989966555
0 0.3329773346573982 0.31054202006688963 0.03237712015888779 0.04100773244147157
0 0.29750614498510425 0.2462669698996656 0.025233032770605762 0.04581415384615385
0 0.301156766633565 0.29104856187290973 0.01603090367428004 0.047879277591973246
0 0.3133778907646474 0.2668796789297659 0.029993755710029792 0.05085559866220736
0 0.3078233803376365 0.32872936454849505 0.026822609731876862 0.04215010033444816
0 0.2838576047666335 0.2882090167224081 0.020155996027805365 0.044442541806020065
0 0.28425499900695134 0.3356028361204013 0.028570343594836147 0.04765003344481605
0 0.2605284607745779 0.31189436789297664 0.03317090764647468 0.02130429431438127
0 0.23577089970208534 0.323005966555184 0.018884734856007945 0.03436157859531772
0 0.24196003972194635 0.36011462207357864 0.01570958490566038 0.033444602006688966
0 0.25005306852035747 0.3430484548494983 0.022376198609731876 0.04695652173913044
0 0.22124949354518367 0.360251397993311 0.015237116186693147 0.04420944481605352
0 0.21767795034756698 0.31672775919732443 0.021108941410129096 0.047185765886287624
0 0.2045779543197616 0.3091665551839465 0.029215984111221453 0.038486046822742474
0 0.17696956504468714 0.3115726555183947 0.015554430983118173 0.05016786622073578
0 0.15847421648460772 0.32107954515050174 0.020490327706057597 0.039397244147157194
0 0.1429277934458788 0.3235993043478261 0.024597402184707053 0.03687941137123746
0 0.9220277100297913 0.32271892976588634 0.02854331678252234 0.04295341806020067
0 0.8959067964250247 0.3304323210702342 0.030748504468718966 0.02911208026755853
0 0.9555860019860972 0.3167528026755853 0.022042867924528302 0.04724741137123746
0 0.9464949831181726 0.3047415652173913 0.015319197616683218 0.04485864882943144
0 0.9404870228401192 0.2811987692307693 0.011241151936444886 0.040086903010033446
0 0.9044492711022839 0.2639399598662208 0.019397243296921548 0.019250729096989966
0 0.922578256206554 0.28748275585284283 0.025680476663356506 0.034839331103678935
0 0.9093531360476662 0.2775424214046823 0.02788166037735849 0.04358721070234114
0 0.888444393247269 0.2957220602006689 0.01344633962264151 0.042631705685618734
0 0.8683684766633566 0.30298466889632103 0.023330144985104273 0.04742078929765886
0 0.8439372393247269 0.30964238127090304 0.02939115789473684 0.02505503678929766
0 0.8317691678252234 0.2841885752508362 0.021215046673286993 0.0242574983277592
0 0.8271305660377357 0.30632508361204014 0.026633422045680238 0.03539414046822743
0 0.813032579940417 0.2888948227424749 0.013869759682224429 0.03208262207357859
0 0.8037103316782522 0.2972458595317726 0.014141028798411124 0.037118287625418064
0 0.7327589433962265 0.2955949163879599 0.016421290963257198 0.04422292976588629
0 0.7470321032770606 0.29050338461538466 0.021823650446871897 0.03595280267558528
0 0.783292075471698 0.28581254849498333 0.031078832174776562 0.044066889632107024
0 0.7679728778550148 0.28318683612040135 0.01895680635551142 0.03785995986622074
0 0.7510130526315789 0.2682031304347826 0.023144961271102285 0.04613393979933111
0 0.7269962264150943 0.25259719063545155 0.02248630784508441 0.04597789966555184
0 0.7173516583912611 0.25546177926421404 0.019946788480635552 0.04343117056856187
0 0.7163626772591857 0.2820290568561873 0.011572480635551143 0.025929632107023412
0 0.7062216166832174 0.2610272107023412 0.022373195630585898 0.04979414046822742
0 0.6855561151936446 0.2506071973244148 0.013224119165839127 0.04295341806020067
0 0.6792088182720952 0.26931467558528427 0.02942719364448858 0.03404179264214047
0 0.6605943515392255 0.27578745150501677 0.021711539225422048 0.04717228093645485
0 0.6515673962264149 0.23701629431438126 0.024220027805362462 0.05143352508361204
0 0.6434543475670308 0.28337369899665554 0.023538351539225424 0.022760668896321074
0 0.6224284885799403 0.27133356521739127 0.02399580536246276 0.034964548494983275
0 0.603459670307845 0.26589142474916394 0.017140003972194638 0.05377027424749164
0 0.5911184270109237 0.25418070903010037 0.020337175769612713 0.0468409364548495
0 0.607459638530288 0.26143753846153844 0.039765449851042696 0.030348842809364552
0 0.6343873525322742 0.236611745819398 0.02269751737835154 0.031026943143812706
0 0.617633731876862 0.22770012040133777 0.03085761271102284 0.024658193979933112
0 0.6253694061569017 0.2225469431438127 0.023144961271102285 0.01431523745819398
0 0.593838125124131 0.20558672909699002 0.03256830983118173 0.05112722408026756
0 0.5745089493545184 0.2209788361204014 0.031234987090367428 0.03628222073578596
0 0.5361338788480635 0.16132912374581945 0.02875853028798411 0.04343117056856187
0 0.5453690407149949 0.1980274515050167 0.030850605759682227 0.03161064882943144
0 0.5228016524329693 0.22716457525083608 0.016190061569016884 0.05084981939799331
0 0.5080370049652433 0.2321116254180602 0.0175303912611718 0.051953658862876256
0 0.49311119761668315 0.22644987290969906 0.016570438927507446 0.04343117056856187
0 0.5098978510427009 0.1722769765886288 0.01919904667328699 0.05046838795986622
0 0.4848710228401191 0.18250049498327764 0.034508234359483615 0.02209797993311037
0 0.47481804965243296 0.20295331103678935 0.033137874875868924 0.026058702341137125
0 0.46818747169811314 0.23527866220735794 0.03405178152929494 0.03067440802675585
0 0.43722275273088373 0.26348339799331105 0.021025858987090366 0.04618210033444817
0 0.44453700893743786 0.23775411371237462 0.02788166037735849 0.03562338461538462
0 0.4166553485600794 0.21812387959866228 0.026967753723932474 0.04717228093645485
0 0.4043131042701092 0.24929915719063542 0.02056940615690169 0.05541736454849499
0 0.37517519761668316 0.25391871571906355 0.02399580536246276 0.050138969899665556
0 0.356778947368421 0.2479795585284281 0.021483312810327705 0.044864428093645485
0 0.33655388282025817 0.25787558528428095 0.02856633962264151 0.026388120401337794
0 0.32626968023833164 0.23808353177257524 0.029480246276067528 0.033644949832775925
0 0.3616918212512413 0.21268366555183946 0.03313487189672294 0.026388120401337794
0 0.33963794240317774 0.19965335117056857 0.02559739424031778 0.04914878929765887
0 0.31582631976166825 0.20027943812709034 0.022396218470705068 0.05344085618729097
0 0.29123792651439917 0.21880775919732448 0.025898693147964252 0.04425760535117057
0 0.2723852234359483 0.22727438127090305 0.014283169811320755 0.04892917725752509
0 0.26089882820258187 0.29120652842809375 0.02804081827209533 0.020042488294314383
0 0.23846257000993043 0.2939401204013379 0.017143006951340616 0.022756816053511708
0 0.2205708202581926 0.2819558528428094 0.026279070506454814 0.018799946488294316
0 0.25679375571002977 0.2659588494983278 0.03244919165839126 0.02969000668896321
0 0.23999709235352526 0.25243151839464884 0.018510363455809337 0.034964548494983275
0 0.22079904667328693 0.23296888294314388 0.030397155908639527 0.026388120401337794
0 0.19172320158887782 0.2289792642140469 0.015554430983118173 0.026388120401337794
0 0.2176379106256206 0.2574556254180602 0.02962238728897716 0.03111748494983278
0 0.19264111221449848 0.292102314381271 0.02433614299900695 0.03893875585284281
0 0.1886081112214498 0.2617515451505017 0.027113898709036743 0.038179745819397995
0 0.17168031777557094 0.2573593043478261 0.012562462760675274 0.038179745819397995
0 0.17723582919563052 0.21364494983277596 0.01759045084409136 0.03970354515050167
0 0.15172251837140016 0.24443686956521743 0.027907686196623635 0.027295464882943144
0 0.15750925918570008 0.29185765886287623 0.029755519364448858 0.0321365618729097
0 0.13227122144985098 0.2882783678929766 0.03019495531281033 0.01860923076923077
0 0.14974055213505458 0.265448347826087 0.032734474677259186 0.026407384615384614
0 0.7730549195630585 0.23821452842809365 0.026283074478649453 0.046837083612040135
0 0.7410611797418074 0.21924698327759204 0.03633604766633565 0.04255657525083612
0 0.8049375491559085 0.2504203344481606 0.026053847070506453 0.04354482943143813
0 0.8498430983118173 0.26971537123745826 0.023538351539225424 0.03265669565217391
0 0.8876666216484607 0.25091349832775917 0.015537414101290963 0.040574287625418065
0 0.8700681628599801 0.2580085083612041 0.027424206554121155 0.050797806020066893
0 0.8523585938430983 0.221556762541806 0.033137874875868924 0.025399866220735787
0 0.8315609612711022 0.23227729765886293 0.03724895332671301 0.025729284280936456
0 0.9095593406156902 0.23772136454849505 0.0338235551142006 0.020784160535117058
0 0.9749672293942403 0.2749956923076924 0.037481183714001984 0.037272401337792645
0 0.9430856007944389 0.24580077591973246 0.029936699106256206 0.03232727759197325
0 0.9835367308838133 0.2261743946488295 0.02490871102284012 0.037272401337792645
0 0.9730243018867925 0.23392824080267563 0.015309187686196624 0.034964548494983275
0 0.9561125243296921 0.2299694448160535 0.019427273088381332 0.02309201337792642
0 0.9518833286991062 0.20423823411371236 0.022853672293942404 0.050138969899665556
0 0.9200047030784508 0.21792931103678934 0.033137874875868924 0.019460709030100335
0 0.906747551142006 0.20011761872909697 0.022625445878848065 0.04585268227424749
0 0.8849919682224427 0.21429993311036794 0.01942427010923535 0.047166501672240804
0 0.904349171797418 0.16432470903010035 0.018742593843098312 0.051456642140468224
0 0.8976084846077457 0.14535909030100336 0.021711539225422048 0.04848995317725752
0 0.9346312135054616 0.18230207357859535 0.01668355114200596 0.04255079598662208
0 0.9217184031777557 0.15756296989966553 0.015537414101290963 0.0451880668896321
0 0.9916497795431977 0.19285693645484955 0.013713604766633566 0.037935090301003345
0 0.9785087428003972 0.18939515719063552 0.017143006951340616 0.04551748494983278
0 0.9725658470705064 0.17158346488294313 0.01668355114200596 0.043540976588628766
0 0.9891973465739822 0.15640904347826093 0.02160543396226415 0.043540976588628766
0 0.9628472055610725 0.1577305685618729 0.03155230188679246 0.04881937123745819
0 0.9510925441906652 0.1524502474916388 0.02260842899702085 0.03826065551839465
0 0.9372588202581926 0.14338065551839466 0.022853672293942404 0.04717228093645485
0 0.9923965203574975 0.11501024749163884 0.015207086395233367 0.04651151839464883
0 0.9741674359483614 0.11369064882943149 0.018053910625620655 0.04585268227424749
0 0.9561125243296921 0.11138086956521744 0.02034117974180735 0.040574287625418065
0 0.9866828520357497 0.06883007357859532 0.026633422045680238 0.04452923076923077
0 0.9589693584905661 0.07691141137123751 0.03611082423038729 0.04090370568561873
0 0.9313159245283018 0.1013210969899666 0.019652496524329693 0.054758528428093645
0 0.9074342323733863 0.10049658862876261 0.023998808341608738 0.05377027424749164
0 0.9232709433962265 0.052831143812709064 0.04524989076464747 0.043540976588628766
0 0.8401304627606753 0.19846667558528427 0.027424206554121155 0.03266054849498328
0 0.8660691956305859 0.2001137658862876 0.03268142204568024 0.03661741806020067
0 0.8642403813306853 0.17240797324414722 0.0395362224428997 0.020784160535117058
0 0.87795298510427 0.13892484280936454 0.022167992055610725 0.044864428093645485
0 0.8875525084409135 0.11022694314381272 0.023081898709036743 0.05146242140468228
0 0.862527682224429 0.11022694314381272 0.024227034756703077 0.058054635451505014
0 0.8809249334657397 0.06569578595317728 0.032223968222442896 0.037601819397993314
0 0.8474427169811319 0.05184096321070235 0.038394089374379346 0.04948398662207358
0 0.840930256206554 0.07757024749163888 0.026283074478649453 0.05146242140468228
0 0.8319033008937438 0.11517591973244146 0.03153928897715988 0.026388120401337794
0 0.8477860575968224 0.15706787959866228 0.03770941012909632 0.03694683612040134
0 0.8145350705064547 0.20720684949832777 0.026964750744786496 0.05080358528428094
0 0.8098494220456802 0.17587167892976588 0.02582261767626614 0.04750169899665552
0 0.7777395670307844 0.18593145150501675 0.0338235551142006 0.03331553177257525
0 0.8076792691161867 0.13480422742474915 0.04250216484607745 0.034635130434782606
0 0.7746555074478649 0.14041011371237463 0.022625445878848065 0.051791839464882944
0 0.7805954001986096 0.10593872909698997 0.03907976961271102 0.034964548494983275
0 0.755230236345581 0.1344728829431438 0.016226097318768617 0.051791839464882944
0 0.7408309513406156 0.15904631438127098 0.01576964448857994 0.05212125752508361
0 0.7265007348560079 0.18283954515050174 0.016200071499503477 0.05170129765886288
0 0.7230192810327706 0.12622587290969903 0.02093977358490566 0.051381511705685626
0 0.6719446117179743 0.229487839464883 0.014945827209533268 0.044864428093645485
0 0.6772348599801391 0.20686779933110366 0.026584373386295927 0.040855545150501674
0 0.7083817596822244 0.1983722809364549 0.020893727904667328 0.055933645484949834
0 0.6878153565044687 0.19655951839464883 0.033193930486593845 0.03283392642140468
0 0.6825921747765641 0.17222111036789303 0.028831602780536245 0.02691788628762542
0 0.7042816921549154 0.15637629431438135 0.033859590863952335 0.026914033444816056
0 0.6798144190665342 0.14769006020066888 0.03597468917576961 0.02176278260869565
0 0.6579927706057598 0.18071470234113715 0.01771957894736842 0.05345048829431438
0 0.6317397259185701 0.19970921739130434 0.031078832174776562 0.03302464214046823
0 0.638419352532274 0.18491430100334455 0.026716504468718965 0.0377983143812709
0 0.6448987805362462 0.16000567224080275 0.030685441906653427 0.023095866220735787
0 0.636368317775571 0.13327850167224087 0.019973815292949355 0.043716280936454854
0 0.6711518252234359 0.10827355183946487 0.030817572989076465 0.029971264214046826
0 0.6579927706057598 0.12297214715719067 0.029092861966236346 0.03340607357859532
0 0.603371582919563 0.17174335785953176 0.024597402184707053 0.04886753177257525
0 0.6158709831181727 0.15570975250836125 0.02076459980139027 0.047721311036789296
0 0.6298208222442898 0.10884377257525085 0.03359132472691162 0.03989426086956522
0 0.5989872333664349 0.13427060869565222 0.024852655412115194 0.044864428093645485
0 0.5787451519364449 0.13665744481605355 0.015339217477656406 0.05153755183946488
0 0.5868121549155909 0.09733147826086962 0.03941109831181728 0.03626873578595318
0 0.556592174776564 0.10687689632107027 0.02552432174776564 0.06376069565217392
0 0.5304322224428997 0.12732393311036794 0.03676547368421052 0.024816160535117055
0 0.7370141648460775 0.09363082274247496 0.029095864945382324 0.04295341806020067
0 0.7379530963257199 0.06579788628762542 0.036369080436941405 0.04848995317725752
0 0.7362333902681232 0.022370568561872906 0.02763942005958292 0.043716280936454854
0 0.7130904309831182 0.06035574581939802 0.024465271102284015 0.0521116254180602
0 0.6591298987090368 0.07400636789297663 0.034783507447864945 0.05039133110367893
0 0.692974474677259 0.07282354515050171 0.024067876861966236 0.056694581939799336
0 0.70155298510427 0.018795130434782613 0.022317140019860973 0.02187258862876254
0 0.6914960079443893 0.028930033444816088 0.04059627408142999 0.02011376588628763
0 0.6564402303872889 0.04407363210702346 0.013866756703078452 0.024525270903010033
0 0.6327297080436941 0.017604602006689004 0.03344918371400199 0.02927389966555184
0 0.6120642065541211 0.03003387290969901 0.010331249255213506 0.018557217391304347
0 0.5932705620655412 0.024543571906354547 0.033962693147964254 0.03275686956521739
0 0.5454961668321746 0.03932115050167224 0.022539360476663356 0.0325276254180602
0 0.529708504468719 0.0277549163879599 0.021423253227408144 0.03413233444816054
0 0.5092982562065542 0.03966597993311039 0.028249024826216485 0.0325276254180602
0 0.46059894339622637 0.02039020735785958 0.026633422045680238 0.03877115719063545
0 0.4395510625620655 0.03320283612040137 0.03352225620655412 0.03590464214046823
0 0.3870179463753724 0.035545364548495 0.026481271102284012 0.03203446153846154
0 0.3627558768619662 0.030706193979933155 0.024796599801390266 0.04286672909698997
0 0.3422064905660377 0.04490199331103681 0.023955765640516383 0.023305846153846153
0 0.34017747765640516 0.031313016722408035 0.027093878848063555 0.022427397993311036
0 0.31951297715988075 0.04777428762541806 0.02387969016881827 0.029718903010033444
0 0.46920047666335646 0.13974935117056864 0.026319110228401194 0.046388227424749164
0 0.48817830387288974 0.09975876923076925 0.01560748361469712 0.0687193043478261
0 0.47158083813306845 0.08982999331103683 0.030814570009930486 0.031691558528428095
0 0.44161911420059574 0.0990883745819398 0.021397227408143 0.022934046822742478
0 0.4422046951340615 0.08174865551839468 0.03447219860973188 0.05277624080267559
0 0.44401348957298903 0.12559400668896326 0.019427273088381332 0.0563497525083612
0 0.4242088421052631 0.10291424749163877 0.028185962264150943 0.0637741806020067
0 0.3825955590863952 0.18716821404682282 0.034087817279046674 0.03106161872909699
0 0.4087815372393247 0.16545359197324422 0.01942427010923535 0.04755371237458194
0 0.3770720794438927 0.11254442809364552 0.03599170605759682 0.04180141806020067
0 0.35850265739821247 0.15844527090301005 0.028185962264150943 0.03243708361204013
0 0.3464116623634557 0.13205522408026754 0.019616460774577956 0.051133003344481606
0 0.32774714597815285 0.10057749832775924 0.03370743992055611 0.03765961204013378
0 0.3244128381330685 0.14772280936454849 0.022853672293942404 0.05278009364548495
0 0.29089558689175765 0.1731477190635452 0.026279070506454814 0.04095571906354516
0 0.2905152095332671 0.13040428093645484 0.01599787090367428 0.03023903678929766
0 0.28822894141012906 0.10250391973244151 0.036186899702085405 0.031065471571906356
0 0.27023208738828197 0.19390298327759203 0.01733219463753724 0.051133003344481606
0 0.25785380734856 0.1866191839464883 0.011238148957298907 0.04975175919732442
0 0.2461401866931479 0.18455598662207362 0.012949847070506455 0.05607812709030101
0 0.2335717179741807 0.19046624749163885 0.012188091360476662 0.03710865551839465
0 0.21643671896722935 0.2095994648829432 0.021022856007944388 0.027491959866220737
0 0.2206669155908639 0.18526105685618727 0.014415300893743795 0.0250068762541806
0 0.22364286792452825 0.16120583277591977 0.03597168619662364 0.02233685618729097
0 0.20076316981132072 0.19747456856187293 0.020102943396226414 0.05173019397993311
0 0.18776227209533264 0.17666729096989967 0.030949704071499502 0.037605672240802676
0 0.257486442899702 0.13507392642140473 0.013224119165839127 0.05116189966555184
0 0.25365263952333655 0.10224000000000004 0.031476226415094344 0.03398014715719063
0 0.23374689175769608 0.12562290301003345 0.033193930486593845 0.05401878260869565
0 0.19830172790466727 0.14080117725752514 0.024204011916583914 0.022146140468227424
0 0.2150333267130089 0.13516639464882946 0.013753644488579941 0.027295464882943144
0 0.20802437338629587 0.08868569899665558 0.022747567030784507 0.055739076923076926
0 0.19889731876861963 0.08897273578595316 0.01666353128103277 0.04295341806020067
0 0.12695094339622637 0.05881075585284284 0.02936112810327706 0.02462544481605351
0 0.1748664786494538 0.0862776722408027 0.028699471698113207 0.03321535785953177
0 0.1748014141012909 0.12799047491638793 0.03941410129096326 0.034167010033444814
0 0.14447532869910623 0.1431860869565217 0.03213487984111221 0.03111363210702341
0 0.16199971400198607 0.18107686956521746 0.015604480635551143 0.04810852173913043
0 0.15293972591856997 0.21877886287625417 0.027375157894736844 0.02806025418060201
0 0.15062542999006945 0.20360251505016722 0.012433334657398213 0.01870940468227425
0 0.1375304389275074 0.2079947558528428 0.016927793445878848 0.02978054849498328
0 0.14117004965243293 0.17220184615384618 0.025260059582919565 0.04142383946488295
0 0.1185536127110228 0.16504326421404686 0.02763942005958292 0.023292361204013377
0 0.10863477259185696 0.14786151170568562 0.02235317576961271 0.03130820066889632
0 0.11802508838133065 0.18832984615384615 0.026584373386295927 0.038179745819397995
0 0.12800198609731872 0.22173591973244147 0.017209072492552133 0.019851772575250837
0 0.11220431380337632 0.20856690301003342 0.012035940417080436 0.03779253511705686
0 0.10189008142999002 0.20150271571906359 0.013094991062562065 0.019851772575250837
0 0.08767097517378347 0.2086612976588629 0.014283169811320755 0.0490582474916388
0 0.07471011717974176 0.21334057525083616 0.012433334657398213 0.0500137525083612
0 0.08390323733862955 0.17029083612040138 0.030552309831181727 0.02653645484949833
0 0.08566198212512408 0.14688866889632113 0.029358125124131083 0.02691788628762542
0 0.06032284409136043 0.17012131103678926 0.013806697120158888 0.04420944481605352
0 0.04159426415094335 0.1684048695652174 0.019202049652432968 0.041233123745819396
0 0.04151618669314791 0.19818156521739133 0.028249024826216485 0.0316145016722408
0 0.14803085600794436 0.10640299665551838 0.037471173783515395 0.036588521739130436
0 0.10675791062562061 0.12390260869565223 0.03052928699106256 0.03245056856187291
0 0.09745668321747761 0.10617953177257522 0.02733211519364449 0.04183994648829431
0 0.15910284011916578 0.4085641204013378 0.03332706256206554 0.02099799331103679
0 0.14125012909632567 0.3797429297658863 0.014018907646474678 0.0565019397993311
0 0.12540340814299897 0.36975636120401334 0.015475352532274082 0.04314413377926422
0 0.1034776564051638 0.43008032107023414 0.019837680238331677 0.01603360535117057
0 0.12860458391261168 0.42454378595317727 0.029887650446871895 0.03130434782608696
0 0.11557766037735845 0.45422801337792645 0.026316107249255215 0.040659050167224084
0 0.09309335451837135 0.4523189297658863 0.019969811320754715 0.037224240802675584
0 0.07570310228401186 0.48152733110367896 0.03359132472691162 0.036078020066889635
0 0.06558606554121148 0.457759143812709 0.033727459781529294 0.03817396655518395
0 0.07940577557100294 0.42883970568561874 0.03623594836146971 0.02806410702341137
0 0.09018546971201584 0.3996313043478261 0.03504776961271103 0.018902046822742474
0 0.06298048063555109 0.39915355183946494 0.018381235352532273 0.04429035451505017
0 0.10096516385302876 0.36956757190635453 0.014018907646474678 0.04504936454849498
0 0.11293303674280035 0.3377835451505017 0.028963733862959286 0.046765806020066886
0 0.08780410724925516 0.33978702341137124 0.016004877855014896 0.047343732441471574
0 0.07270112413108239 0.32632904347826086 0.016927793445878848 0.044093859531772576
0 0.062477982125124086 0.23689685618729095 0.01771957894736842 0.02023320401337793
0 0.08218453227408139 0.28910480267558536 0.03518090168818272 0.0456234381270903
0 0.20364102482621643 0.61272818729097 0.03615386693147964 0.021365939799331105
0 0.18919569414101287 0.6334776722408028 0.03145320357497517 0.02753048829431438
0 0.17987244488579937 0.6461130702341138 0.02789467328699106 0.026501779264214046
0 0.150553358490566 0.6266985953177258 0.029890653426017873 0.030406635451505015
0 0.13510903674280036 0.6529942474916389 0.030602359483614696 0.021772414715719064
0 0.10694309433962258 0.6353270367892977 0.02320101688182721 0.029994381270903012
0 0.3837286832174776 0.6034505418060201 0.008775706057596823 0.02208256856187291
0 0.367596679245283 0.5999386755852842 0.027043829195630587 0.03663668227424749
0 0.37595997616683213 0.5825623545150501 0.02645124131082423 0.02482001337792642
0 0.3959928500496524 0.5817089498327759 0.017911769612711022 0.027908066889632106
0 0.39207896722939417 0.5573955852842809 0.028348123138033764 0.02379323076923077
0 0.36948355114200593 0.5658699130434783 0.02135018073485601 0.02122723745819398
0 0.41046320556107246 0.6061032240802675 0.012691590863952332 0.03526507023411371
0 0.42659420854021846 0.621337364548495 0.025501298907646474 0.03663668227424749
0 0.4175782641509434 0.6375173779264215 0.023604417080436944 0.02105578595317726
0 0.39860143793445874 0.6315262073578596 0.017672532274081432 0.03338295652173913
0 0.3945684369414101 0.609168160535117 0.018265120158887784 0.03287052842809364
0 0.43270126713008933 0.6080527625418061 0.01696082621648461 0.03338295652173913
0 0.47801021648460773 0.6597733244147157 0.01731918172790467 0.03441551839464883
0 0.4644898033763654 0.6625993846153846 0.020400238331678252 0.034238287625418064
0 0.4529243296921549 0.6344196923076924 0.022300123138033763 0.04022945819397993
0 0.4688180973187686 0.6300698327759198 0.01672258987090367 0.033211505016722404
0 0.4892193366434955 0.6346951705685618 0.02407788679245283 0.03560989966555184
0 0.5003093386295927 0.6610582474916389 0.025617414101290963 0.02157206688963211
0 0.5168557537239324 0.6363191438127092 0.02810988679245283 0.02687550501672241
0 0.5183962820258192 0.6631118127090301 0.01648835749751738 0.026024026755852844
0 0.532570343594836 0.6796328026755852 0.023247062562065542 0.023115130434782607
0 0.5297255213505461 0.6661093244147157 0.02538218073485601 0.02927389966555184
0 0.5014364568023834 0.681241364548495 0.023958768619662365 0.017802060200668896
0 0.46557087586891754 0.6953408428093645 0.020919753723932472 0.023773966555183944
0 0.479202399205561 0.6915958795986623 0.024462268123138037 0.0272241872909699
0 0.4850512015888778 0.7126998260869565 0.02891068123138034 0.017830956521739133
0 0.4566750506454816 0.7231602943143813 0.021744571996027806 0.03400326421404682
0 0.46791920556107247 0.7235166822742475 0.012601501489572989 0.011887946488294315
0 0.47581804170804365 0.730650220735786 0.01243633763654419 0.018308709030100335
0 0.4937057874875868 0.8041143010033446 0.02788166037735849 0.029374073578595318
0 0.47928047666335644 0.8027561739130434 0.012667567030784508 0.01848979264214047
0 0.4768450605759682 0.7849059531772575 0.02490570804369414 0.02835114381270903
0 0.50161062959285 0.7672387424749165 0.015514391261171798 0.03697958528428094
0 0.4922163098311817 0.7589185284280936 0.01039030784508441 0.020339157190635452
0 0.4891012194637537 0.7394847892976589 0.030602359483614696 0.017256882943143814
0 0.5090830427010923 0.711975491638796 0.022773592850049654 0.041905444816053516
0 0.5251669990069513 0.6991358929765886 0.02903680635551142 0.022388869565217392
0 0.5471578152929492 0.6855758127090301 0.016369239324726913 0.02814116387959866
0 0.5503609930486594 0.7089933913043479 0.018503356504468722 0.028557270903010034
0 0.5671546534260179 0.7071459531772576 0.017646506454816285 0.025270795986622074
0 0.5824548321747766 0.683624347826087 0.01152943793445879 0.02547114381270903
0 0.5712036703078451 0.6886580869565219 0.014647531281032772 0.029374073578595318
0 0.5776861012909632 0.7213205618729097 0.02562041708043694 0.03554247491638796
0 0.6827032850049652 0.5231245484949834 0.03295269116186693 0.018929016722408026
0 0.694053545183714 0.5462705016722409 0.013998887785501488 0.03531323076923077
0 0.7099252909632571 0.564804602006689 0.01708394836146971 0.04756334448160535
0 0.9790372671300893 0.5514545016722409 0.028182959285004965 0.06039716387959866
0 0.9773996425024826 0.5968564013377927 0.03458831380337637 0.05382614046822743
0 0.12883681429990065 0.7316192107023413 0.01948032571996028 0.04847646822742475
0 0.11172483813306847 0.6711411371237459 0.013809700099304866 0.0421789966555184
0 0.132224174776564 0.6855160936454849 0.021370200595829197 0.04658857525083612
0 0.15861135253227404 0.6629576989966555 0.028205982125124134 0.0421789966555184
0 0.15519496325719956 0.6918116387959867 0.016719586891757697 0.043228896321070236
0 0.17562222840119163 0.7039827692307692 0.024133942403177757 0.034835478260869565
0 0.19321468123138028 0.7149999732441472 0.022390212512413108 0.04469682943143813
0 0.18172928699106253 0.682368321070234 0.030820575968222446 0.02392230100334448
0 0.2071715273088381 0.67050927090301 0.0250078093346574 0.03546541806020067
0 0.17962119563058587 0.6692513177257525 0.033581314796425024 0.02455416722408027
0 0.20993927308838128 0.7732530301003345 0.021625453823237342 0.042627852842809365
0 0.22373696127110226 0.7713728428093647 0.02515695729890765 0.03400326421404682
0 0.23989098709036738 0.8015483076923078 0.032730470705064546 0.027081632107023412
0 0.2402283217477656 0.7658459397993311 0.014220107249255213 0.03509361872909699
0 0.2523853823237338 0.761415170568562 0.017500361469712015 0.046392080267558526
0 0.25793989275074475 0.7854588361204013 0.022717537239324726 0.0267136856187291
0 0.21063196027805356 0.7393191170568562 0.03000977159880834 0.03248524414715719
0 0.21420850844091358 0.6540807491638797 0.02704082621648461 0.023669939799331102
0 0.21291822840119162 0.6300813913043478 0.02512092154915591 0.021652976588628765
0 0.2321172750744786 0.6291990903010034 0.017428289970208538 0.03701426086956522
0 0.2312003654419066 0.6826707692307693 0.020896730883813306 0.034687143812709036
0 0.24876679245283015 0.6796828896321072 0.014031920556107249 0.040949939799331106
0 0.2450831380337636 0.6384574715719064 0.01635522542204568 0.0394935652173913
0 0.2660309195630586 0.6399851237458195 0.03180355114200596 0.02214999331103679
0 0.264316218470705 0.6659918127090301 0.022111936444885797 0.03222132441471572
0 0.22697317179741802 0.6020384749163881 0.028788560079443894 0.018046715719063546
0 0.25682278450844087 0.6133677591973246 0.022098923535253227 0.018260548494983278
0 0.2563703356504468 0.5905704882943145 0.02685564250248262 0.03220783946488295
0 0.273937763654419 0.5945061672240805 0.03029105064548163 0.01879609364548495
0 0.30041002581926507 0.5898423010033446 0.031301052631578945 0.03380869565217391
0 0.3265909990069513 0.5780391170568563 0.03543815690168818 0.020549137123745818
0 0.2912018907646475 0.6132290568561872 0.023422236345580934 0.03322498996655518
0 0.3076792373386295 0.6380798929765886 0.024839642502482624 0.04080353177257525
0 0.28701273485600787 0.6510466354515051 0.01827513008937438 0.02258921739130435
0 0.29276744389275067 0.6648918260869565 0.019483328699106257 0.02579092976588629
0 0.2842870307845084 0.6834740869565218 0.02413093942403178 0.04080353177257525
0 0.30700456802383314 0.6764792508361204 0.037458160873882825 0.02739563879598662
0 0.33143680635551137 0.6787370167224082 0.023323138033763655 0.02113284280936455
0 0.3296690526315789 0.6580433979933111 0.021205036742800398 0.01996735785953177
0 0.33014452432969216 0.634142287625418 0.022512333664349553 0.040219826086956526
0 0.3303247030784508 0.6089312107023411 0.020496333664349553 0.037156816053511704
0 0.3456218788480635 0.6023004682274249 0.022816635551142005 0.022440882943143812
0 0.35299118967229387 0.6194976321070234 0.02685564250248262 0.020400802675585285
0 0.37156861966236343 0.6280220468227424 0.03271145183714002 0.023754702341137125
0 0.34960983515392247 0.6522140468227425 0.016053926514399207 0.04036816053511706
0 0.3598580019860973 0.6560033177257525 0.010499416087388282 0.03278961872909699
0 0.37298202184707047 0.653235050167224 0.015954828202581924 0.027834862876254182
0 0.3583635193644488 0.6763309163879598 0.025041843098311818 0.024338408026755853
0 0.3876725958291956 0.6705747692307692 0.03200274875868918 0.01763446153846154
0 0.38706699503475667 0.6911219799331105 0.022310133068520355 0.022876254180602008
0 0.4052400238331678 0.6911971103678929 0.0192851320754717 0.018944428093645486
0 0.42106272095332664 0.7020544214046824 0.018576428997020857 0.04196901672240803
0 0.42740200993048655 0.6794652040133781 0.01757043098311817 0.03861511705685619
0 0.41927494736842097 0.6562210033444816 0.025342141012909634 0.029728535117056858
0 0.44057808142999 0.642886314381271 0.017666526315789476 0.04357372575250836
0 0.4461506097318768 0.6667122943143812 0.014034923535253228 0.02900227424749164
0 0.4399224309831181 0.6861672240802676 0.013932822244289971 0.03453495652173913
0 0.45344885004965235 0.6810679866220736 0.012115018867924527 0.03948971237458194
0 0.4435009811320754 0.7167433846153847 0.020347185700099305 0.03118490969899666
0 0.2059813465739821 0.6939730836120401 0.01631218272095333 0.03181484949832776
0 0.22730550148957293 0.7121103411371239 0.03537909831181728 0.018772976588628764
0 0.2221263634558093 0.7218927090301003 0.03207181727904667 0.02020045484949833
0 0.2422393167825223 0.7299258862876253 0.02138021052631579 0.03499729765886288
0 0.260425358490566 0.7414593712374583 0.01895680635551142 0.04088444147157191
0 0.2745884091360476 0.7358920133779264 0.02942719364448858 0.02752085618729097
0 0.26466856802383315 0.706700949832776 0.024796599801390266 0.037224240802675584
0 0.2745884091360476 0.6993844013377928 0.02722300695134062 0.03340607357859532
0 0.29875738629592846 0.7139385150501673 0.02721900297914598 0.023864508361204014
0 0.31652301092353524 0.7240387424749165 0.03041717576961271 0.028634327759197328
0 0.31288440119165833 0.7001800133779266 0.02645124131082423 0.025451879598662207
0 0.3378481668321747 0.6960420602006689 0.03185059781529295 0.021313926421404682
0 0.3444056722939423 0.7168820869565218 0.01631218272095333 0.04231769899665552
0 0.341658947368421 0.734221806020067 0.016980846077457794 0.03690830769230769
0 0.295340997020854 0.7643664481605352 0.029205974180734857 0.02258921739130435
0 0.2753031181727904 0.7677087892976588 0.014326212512413108 0.03451954515050167
0 0.2769577596822244 0.7976916120401337 0.02093977358490566 0.020362274247491638
0 0.2909546454816285 0.8049311036789298 0.01542830585898709 0.03324425418060201
0 0.28902473088381325 0.7795582073578595 0.013773664349553127 0.018772976588628764
0 0.30649306057596815 0.7881481204013377 0.025127928500496523 0.027362889632107024
0 0.3247331559086395 0.7577646020066889 0.0192851320754717 0.03245056856187291
0 0.30720977159880825 0.7539464347826088 0.015537414101290963 0.020678207357859534
0 0.3472164607745779 0.7638077859531773 0.028102879841112215 0.024816160535117055
0 0.3418721588877855 0.7801149431438127 0.03174148957298908 0.022111464882943146
0 0.3295849692154915 0.7960252575250836 0.03141016087388282 0.018929016722408026
0 0.3175470268123138 0.8278381806020068 0.014107996027805363 0.042631705685618734
0 0.339005314796425 0.8188514247491638 0.01895680635551142 0.025135946488294317
0 0.28097974975173784 0.824258889632107 0.028983753723932474 0.03372585953177258
0 0.29910973584905653 0.8352356387959866 0.021158991062562065 0.03436157859531772
0 0.2808706415094339 0.8522574983277593 0.021271102284011918 0.04231769899665552
0 0.2975111499503475 0.8643477190635451 0.02435616285998014 0.039770969899665554
0 0.32396239126117177 0.8631533377926423 0.018622474677259186 0.04278967224080268
0 0.34286314200595824 0.8535289364548496 0.03504776961271103 0.025451879598662207
0 0.3769529612711022 0.7996026220735786 0.022922740814299902 0.04788313043478261
0 0.36936943793445876 0.7626962408026755 0.019288135054617676 0.028634327759197328
0 0.3620742005958292 0.7188701538461539 0.02534614498510427 0.0232249364548495
0 0.37934433366434955 0.7262676120401338 0.02755333465739821 0.02608759866220736
0 0.36011225422045673 0.7396292709030101 0.01840425819265144 0.020042488294314383
0 0.3728969374379344 0.7451985551839465 0.009811733862959285 0.012727866220735786
0 0.38496490963257196 0.7517984749163881 0.01498886991062562 0.04629190635451505
0 0.4048035908639523 0.7486950100334449 0.018953803376365444 0.04422292976588629
0 0.4161538510427011 0.7477433578595318 0.014326212512413108 0.0391352508361204
0 0.43505660377358485 0.7499683745819399 0.024133942403177757 0.03499729765886288
0 0.4181938748758689 0.7224494448160537 0.022591412115193645 0.030545337792642138
0 0.3935053823237338 0.7065410568561873 0.0316323813306852 0.018137257525083612
0 0.369977040714995 0.6964389030100335 0.024687491559086398 0.020520240802675584
0 0.40362342005958285 0.7894214849498328 0.02138021052631579 0.04374517725752508
0 0.42627088778550143 0.7840275050167224 0.022922740814299902 0.03785995986622074
0 0.4543217159880834 0.7593712374581939 0.031191944389275077 0.020358421404682272
0 0.4561385183714001 0.7744820869565219 0.02424705461767627 0.01940676923076923
0 0.4421976881827209 0.8039910100334448 0.019066915590863952 0.036746488294314386
0 0.4557551380337636 0.8016773779264214 0.019506351539225423 0.03819323076923077
0 0.3874133386295928 0.8519550501672241 0.02729908242303873 0.04810274247491639
0 0.3963802343594836 0.8677671170568564 0.03380653823237338 0.026788816053511706
0 0.40635012512413105 0.8190228762541806 0.03141016087388282 0.027439946488294314
0 0.432020591857001 0.8255187692307693 0.016441310824230386 0.04600101672240803
0 0.32201145580933466 0.9698944214046823 0.023697509433962264 0.039770969899665554
0 0.5779143277060574 0.7353757324414717 0.02063547169811321 0.03739183946488295
0 0.5573188957298907 0.7423802006688964 0.017649509433962263 0.024654341137123746
0 0.5334792452830189 0.738271143812709 0.0234822959285005 0.03985573244147157
0 0.5230899384309831 0.7550136722408026 0.02490871102284012 0.03636313043478261
0 0.5214533147964249 0.771964254180602 0.02305887586891758 0.02835114381270903
0 0.5303761668321747 0.794950314381271 0.03174148957298908 0.02259884949832776
0 0.5549865819265143 0.8333882006688964 0.012952850049652433 0.0341034381270903
0 0.5384041310824229 0.84140018729097 0.025905700099304867 0.03451569230769231
0 0.5257365640516385 0.824247331103679 0.015941815292949354 0.040878662207357856
0 0.5027487586891757 0.834621110367893 0.03316490168818272 0.03328278260869565
0 0.46560290764647466 0.8378054849498329 0.030886641509433963 0.026501779264214046
0 0.46951679046673284 0.8674916387959868 0.030460218470705062 0.027118234113712374
0 0.45193835153922535 0.8932748628762542 0.03430303078450844 0.02896759866220736
0 0.47407030784508436 0.8936851906354516 0.02704082621648461 0.028557270903010034
0 0.4910941966236345 0.9014717859531773 0.015230109235352531 0.04005800668896321
0 0.5553259185700099 0.8019567090301004 0.02021205163853029 0.029990528428093646
0 0.5553969890764647 0.7707313444816054 0.020354192651439923 0.029173725752508362
0 0.5763507765640516 0.7680382073578595 0.012667567030784508 0.03492024080267559
0 0.5955428162859979 0.7775104214046824 0.018917767626613704 0.013147826086956523
0 0.5772596782522343 0.7915829297658864 0.013664556107249256 0.018695919732441474
0 0.5699304071499502 0.8139756521739131 0.0166505183714002 0.04293415384615385
0 0.6220240873882821 0.79589618729097 0.014945827209533268 0.03348313043478261
0 0.6105657199602781 0.8084275585284282 0.017649509433962263 0.0310173110367893
0 0.604729930486594 0.8264029966555184 0.024197004965243296 0.03903507692307692
0 0.5936279165839125 0.8481792642140469 0.019926768619662364 0.034926020066889635
0 0.5845188798411122 0.8259907424749163 0.014234121151936445 0.034926020066889635
0 0.5707131837140019 0.8479750635451506 0.030171932472691163 0.03246020066889632
0 0.5578324051638529 0.8700595585284281 0.03002979145978153 0.026914033444816056
0 0.5924847825223435 0.7486449230769232 0.01879864945382324 0.04088444147157191
0 0.6147648857994041 0.7617946755852845 0.03629600794438927 0.024858541806020068
0 0.628571582919563 0.7295386755852843 0.014945827209533268 0.014997190635451506
0 0.6139821092353525 0.7341620869565219 0.016511380337636543 0.029584053511705687
0 0.6432311261171797 0.7416597190635452 0.022058883813306854 0.026914033444816056
0 0.6429608579940417 0.7215074247491639 0.02433914597815293 0.02198239464882943
0 0.6466314995034755 0.6921506889632107 0.02433914597815293 0.022388869565217392
0 0.6398707924528301 0.7023202675585285 0.02305887586891758 0.020949832775919733
0 0.6227207785501488 0.7041677056856188 0.01380369414101291 0.03615315050167224
0 0.6109070585898709 0.6919445618729098 0.022628448857994043 0.01745723076923077
0 0.6092003654419066 0.7111509832775921 0.01579967428003972 0.028763397993311037
0 0.5986679165839126 0.7190608695652174 0.013237132075471699 0.039241204013377926
0 0.5901274438927507 0.6980050836120402 0.013237132075471699 0.03820864214046823
0 0.5960613306852035 0.6733334046822742 0.01565753326713009 0.03985187959866221
0 0.6358858391261171 0.6535278662207358 0.021635463753723935 0.039241204013377926
0 0.6222943555114201 0.6587677324414717 0.014372258192651439 0.03944540468227425
0 0.6104085640516385 0.64695491638796 0.01622309433962264 0.043760588628762545
0 0.5736160635551141 0.6565080401337792 0.02490871102284012 0.04314413377926422
0 0.5788112174776563 0.6319557993311036 0.019358204568023833 0.04622640802675585
0 0.5950663435948361 0.639642220735786 0.02191674280039722 0.03697958528428094
0 0.5527643773584906 0.6563019130434783 0.017365227408143 0.03903507692307692
0 0.5515711936444886 0.6186018461538462 0.023485298907646474 0.03471989297658863
0 0.5398986137040716 0.632676280936455 0.016369239324726913 0.040267986622073586
0 0.5310738589870903 0.6057622474916388 0.022916734856007946 0.03780216722408027
0 0.5081581251241312 0.6181915183946488 0.022061886792452832 0.037185712374581945
0 0.4977678172790466 0.6078158127090302 0.019500345580933463 0.03369311036789297
0 0.489015134061569 0.5976500869565218 0.02049333068520358 0.038002515050167225
0 0.47755676663356506 0.5940534581939799 0.025759555114200597 0.041905444816053516
0 0.4553677537239324 0.5944425953177258 0.01152943793445879 0.03821249498327759
0 0.7000865302879842 0.7051925618729098 0.012949847070506455 0.028389672240802678
0 0.7013227567030783 0.6764503545150502 0.023922732869910625 0.01797351170568562
0 0.6833829592850049 0.6646086421404682 0.029553318768619663 0.021113578595317727
0 0.6794790863952332 0.6853658327759197 0.025696492552135054 0.021824428093645487
0 0.6585333068520358 0.680314755852843 0.017000865938430983 0.0449395585284281
0 0.646759626613704 0.7645860602006689 0.017649509433962263 0.038002515050167225
0 0.6708855610724926 0.7141523478260869 0.030032794438927507 0.029994381270903012
0 0.6675402423038728 0.7364429698996656 0.024197004965243296 0.01951657525083612
0 0.6902848063555114 0.7360942876254181 0.01878863952333664 0.037185712374581945
0 0.7193416325719961 0.736610568561873 0.015518395233366435 0.01854180602006689
0 0.7055329334657399 0.7261115719063546 0.016309179741807348 0.024968347826086958
0 0.7213476226415094 0.7186909966555185 0.015518395233366435 0.020400802675585285
0 0.6997752214498509 0.7058090167224081 0.013048945382323734 0.030129230769230773
0 0.7172095173783514 0.6970765484949834 0.0234822959285005 0.030816963210702344
0 0.7181594597815293 0.672510822742475 0.016841708043694142 0.025852575250836122
0 0.7377058510427011 0.69288272909699 0.018503356504468722 0.0256811237458194
0 0.7831449294935452 0.7280456989966555 0.03187061767626614 0.03550972575250837
0 0.7701180059582918 0.718978033444816 0.009523447864945382 0.019664909698996657
0 0.7593383118172788 0.7176430234113713 0.022879698113207548 0.04028147157190636
0 0.7346338033763655 0.7230061806020068 0.01349238530287984 0.03455422073578596
0 0.7384656047666336 0.7582269431438127 0.01919604369414101 0.03313830100334448
0 0.7295117219463754 0.7543163076923077 0.019837680238331677 0.03221747157190635
0 0.7239462005958291 0.7839851237458194 0.03113488778550149 0.025981645484949835
0 0.7117761271102283 0.7548210301003344 0.014329215491559086 0.03340607357859532
0 0.80958816285998 0.7796391170568562 0.025789584905660377 0.03579098327759197
0 0.8386299741807349 0.7465489765886287 0.02788466335650447 0.032292602006688965
0 0.8155400675273087 0.7458362006688963 0.02138021052631579 0.02099799331103679
0 0.7924511618669313 0.7414593712374583 0.029649414101290964 0.026569204013377926
0 0.7595535253227408 0.7542662207357861 0.01586874280039722 0.036588521739130436
0 0.7731099741807349 0.7830585150501673 0.03295269116186693 0.024338408026755853
0 0.7959966792452831 0.8022283344481606 0.03066241906653426 0.02309201337792642
0 0.7864942522343595 0.8246037190635452 0.017140003972194638 0.040129284280936456
0 0.7697075988083415 0.8140642675585285 0.015475352532274082 0.046769658862876255
0 0.7533743952333664 0.8144437725752509 0.01560748361469712 0.04295341806020067
0 0.743521620655412 0.7974565886287627 0.01838423833167825 0.04447721739130435
0 0.727782005958292 0.8102461003344481 0.02182064746772592 0.03645945150501672
0 0.6990845362462761 0.8316235986622074 0.015210089374379345 0.022714434782608695
0 0.6998773227408142 0.8145381672240802 0.030552309831181727 0.02558094983277592
0 0.6996130605759681 0.8002229297658864 0.029758522343594836 0.02825096989966555
0 0.6853298907646475 0.7853336187290971 0.012300202581926515 0.02978054849498328
0 0.6958443217477657 0.7760733110367893 0.020102943396226414 0.02424208695652174
0 0.6603330923535253 0.7668149297658864 0.010185104270109236 0.021381351170568563
0 0.674748393247269 0.7653855250836121 0.01388577557100298 0.03531708361204013
0 0.6603991578947367 0.7889610702341138 0.013224119165839127 0.028634327759197328
0 0.6600678291956307 0.8197876655518395 0.008596528301886792 0.03035269565217391
0 0.633485457795432 0.8174027558528428 0.016000873882820257 0.0404721872909699
0 0.6527956146971201 0.8200747023411372 0.015739614697120156 0.03856117725752509
0 0.6762048381330684 0.8076666220735786 0.014945827209533268 0.03894453511705686
0 0.6686002939424032 0.8406931906354517 0.012433334657398213 0.03550972575250837
0 0.6833449215491558 0.8615929364548496 0.019176023833167827 0.0391352508361204
0 0.7105889493545183 0.8301941939799331 0.01653140019860973 0.03626873578595318
0 0.7264997338629593 0.8390711438127091 0.015210089374379345 0.037224240802675584
0 0.7623072571996027 0.8514079464882943 0.014419304865938431 0.039241204013377926
0 0.7416878013902682 0.8677131772575252 0.027368150943396227 0.03605875585284281
0 0.8752733267130088 0.747839678929766 0.016266137040714997 0.01947419397993311
0 0.665673390268123 0.5071371772575252 0.024687491559086398 0.046449872909699
0 0.6608245799404171 0.5414987558528429 0.03504776961271103 0.02099799331103679
0 0.6328868639523336 0.5282950635451505 0.01201592055610725 0.045494367892976596
0 0.6450649453823237 0.5151703545150502 0.01851737040714995 0.045972120401337795
0 0.6221962581926513 0.4706276387959866 0.020169008937437935 0.02338675585284281
0 0.6197167984111221 0.4981484949832777 0.02424705461767627 0.03451954515050167
0 0.584778137040715 0.49846635451505017 0.022704524329692156 0.042475665551839466
0 0.6165736802383316 0.5213753578595318 0.02193275868917577 0.04056465551839465
0 0.6044526554121151 0.5292505685618729 0.02788466335650447 0.036588521739130436
0 0.5888581847070506 0.5396686555183947 0.031301052631578945 0.024974127090301005
0 0.5696791578947368 0.5212944481605352 0.031301052631578945 0.020362274247491638
0 0.5645000198609731 0.5047522675585284 0.031078832174776562 0.021953498327759197
0 0.5516052274081431 0.4926620468227425 0.028434208540218473 0.018451264214046824
0 0.5314362184707049 0.5201848294314382 0.03085761271102284 0.042631705685618734
0 0.506694673286991 0.5036387959866221 0.03141016087388282 0.0394511839464883
0 0.4799451360476663 0.5083296321070234 0.02721900297914598 0.030381591973244148
0 0.9725918728897717 0.7162059130434784 0.029043813306852035 0.03229838127090301
0 0.9723366196623634 0.6816170167224079 0.027613394240317776 0.03687941137123746
0 0.9862233962264151 0.6508058327759197 0.012538438927507448 0.03894453511705686
0 0.9700994001986096 0.6453328695652174 0.023647459781529295 0.04306707692307692
0 0.9505960516385301 0.6357103946488295 0.022535356504468716 0.022675906354515052
0 0.950443900695134 0.6123429030100334 0.018106963257199606 0.02084580602006689
0 0.9335341251241309 0.6034120133779264 0.016349219463753725 0.02130044147157191
0 0.9244070705064548 0.6299831438127091 0.025392190665342602 0.03412848160535117
0 0.9037766037735848 0.6173862742474916 0.01936421052631579 0.03229838127090301
0 0.8966415253227407 0.6014644013377927 0.018712564051638528 0.04581415384615385
0 0.8864764409136048 0.5923023411371238 0.026027821251241312 0.02565608026755853
0 0.8707668560079442 0.5919555852842808 0.019361207547169815 0.04420944481605352
0 0.8625136683217478 0.5933329765886287 0.030787543197616684 0.022679759197324418
0 0.8463246077457796 0.6047855518394648 0.020314152929493547 0.04375095652173913
0 0.8277571876861965 0.6036412575250836 0.015871745779543197 0.04146236789297659
0 0.8210925759682223 0.5752361739130434 0.033962693147964254 0.02542683612040134
0 0.8178223316782521 0.5524408294314381 0.017457318768619664 0.03962648829431439
0 0.9198065064548162 0.5508399732441471 0.020314152929493547 0.0325276254180602
0 0.940596131082423 0.5821077190635453 0.03015591658391261 0.031381404682274246
0 0.9170277497517378 0.5866887491638797 0.016345215491559085 0.03550972575250837
0 0.8963972830188679 0.5440801605351171 0.02809286991062562 0.02542683612040134
0 0.8883032532274081 0.5620633043478263 0.019837680238331677 0.023363638795986623
0 0.8564036067527309 0.5592006421404682 0.020791626613704074 0.03000979264214047
0 0.8735265938430983 0.5407590100334448 0.020314152929493547 0.039168
0 0.9599293108242304 0.5041473712374582 0.02261843892750745 0.03932211371237458
0 0.945563058589871 0.5308861003344483 0.025074875868917577 0.03046828093645485
0 0.932073676266137 0.5371854983277593 0.01999683813306852 0.04260858862876254
0 0.9116003654419066 0.5196627692307693 0.023803614697120157 0.028173913043478264
0 0.9068406434955312 0.489312 0.026980766633565044 0.04031614715719063
0 0.8931911022840119 0.5063781672240804 0.01586874280039722 0.0410038795986622
0 0.880098113207547 0.5085530969899666 0.019837680238331677 0.0435255652173913
0 0.8655757060575968 0.49034070903010035 0.012694593843098312 0.03825680267558529
0 0.8557369453823236 0.48507387290969906 0.016822689175769616 0.044203665551839466
0 0.8509912373386296 0.5227777926421405 0.010476393247269115 0.03619167892976589
0 0.8382806276067526 0.5300866354515051 0.020314152929493547 0.04306707692307692
0 0.8343907686196624 0.5122190769230769 0.02809286991062562 0.028405083612040135
0 0.8319313286991061 0.4981292307692308 0.0320588043694141 0.031385257525083615
0 0.8093939702085403 0.531232856187291 0.019046895729890764 0.041233123745819396
0 0.7885252671300892 0.5527644682274249 0.020791626613704074 0.02153353846153846
0 0.7865412989076465 0.5381005484949833 0.034280007944389276 0.028863571906354517
0 0.7578948798411121 0.5606666488294314 0.023647459781529295 0.04558490969899666
0 0.7568788718967229 0.5343459531772575 0.029520285998013904 0.0377983143812709
0 0.7241744270109234 0.4910823812709031 0.026633422045680238 0.020549137123745818
0 0.7223566236345582 0.5132612709030101 0.02700479046673287 0.03499729765886288
0 0.7046670744786494 0.5163647357859532 0.01631218272095333 0.036426702341137124
0 0.69552 0.49480808026755857 0.02997974180734856 0.02927389966555184
0 0.6849955590863952 0.46872048160535124 0.015100981132075472 0.045494367892976596
0 0.676232865938431 0.4594139397993311 0.01344633962264151 0.04629190635451505
0 0.6573321151936444 0.4835134715719064 0.02435616285998014 0.046455652173913044
0 0.6401390585898707 0.47246351839464884 0.017854713008937435 0.03882894983277592
0 0.7163156305858988 0.4754494715719064 0.033723455809334654 0.019402916387959865
0 0.7345567269116186 0.4725848829431439 0.02192975571002979 0.040086903010033446
0 0.7151584826216484 0.45389474247491646 0.026120913604766635 0.024977979933110368
0 0.7089323058589871 0.44204339799331105 0.013224119165839127 0.03150084280936455
0 0.6923788838133068 0.43698461538461547 0.022922740814299902 0.040726474916387964
0 0.6633600953326713 0.42669174581939806 0.02942719364448858 0.048518849498327764
0 0.6479858430983119 0.42947349832775916 0.01961946375372393 0.020362274247491638
0 0.6318948798411121 0.44188543143812714 0.012343245283018868 0.046769658862876255
0 0.6196046871896722 0.43559951839464883 0.012674573982125124 0.04979414046822742
0 0.6136878172790466 0.4369037056856188 0.027335118172790464 0.03960915050167224
0 0.5978931479642502 0.47345947826086965 0.01796382125124131 0.04278967224080268
0 0.5875338709036743 0.46900559197324415 0.023694506454816286 0.04024872240802675
0 0.6056078013902679 0.4561197591973244 0.021271102284011918 0.03929321739130435
0 0.5849222800397219 0.43833696321070237 0.028877648460774577 0.0316588093645485
0 0.559210772591857 0.46765324414715725 0.014878760675273089 0.039129471571906355
0 0.5377735054617676 0.46296048160535125 0.026670458788480636 0.0377019933110368
0 0.5078828520357498 0.47285458193979935 0.033284019860973194 0.02911208026755853
0 0.4629943197616683 0.49191652173913053 0.020830665342601785 0.03611076923076923
0 0.4481716146971201 0.47218804013377935 0.028656428997020856 0.046611692307692305
0 0.43575029195630577 0.45384658193979943 0.016861727904667327 0.03881546488294314
0 0.4112499860973187 0.4590652575250836 0.03152227209533267 0.029589832775919735
0 0.3270494538232373 0.46351721739130436 0.027993771598808344 0.027043103678929765
0 0.35840255809334653 0.4683679464882944 0.031191944389275077 0.023702688963210705
0 0.3832552135054617 0.4657460869565218 0.023366180734856006 0.05217905016722408
0 0.37055961866931475 0.43738145819397994 0.026673461767626614 0.04215973244147157
0 0.34353180536246275 0.4235497525083612 0.023674486593843098 0.04161455518394649
0 0.34015845878848056 0.4383446688963211 0.026182975173783516 0.03684280936454849
0 0.318336810327706 0.42498301003344485 0.01771957894736842 0.0425700602006689
0 0.3008784905660377 0.41438769230769235 0.019042891757696127 0.026339959866220734
0 0.302532131082423 0.38212591304347826 0.016266137040714997 0.04810274247491639
