0 0.909398448 0.2557671574178935 0.031003056 0.03661905322763307
0 0.92234016 0.2870688108720271 0.021573216000000003 0.049043823329558325
0 0.905116464 0.29284968516421284 0.021573216000000003 0.044728715741789354
0 0.882560448 0.29459171007927515 0.027313776 0.03567383918459796
0 0.840537936 0.3126809150622876 0.020776896 0.04249810192525481
0 0.854724528 0.28093176896942235 0.028582848 0.033708067950169875
0 0.82238184 0.3634074020385051 0.033070463999999994 0.05801879048697622
0 0.811567008 0.3358089784824461 0.039286800000000004 0.030045934314835786
0 0.8830332000000001 0.3388135719139298 0.039799872 0.03582680860702152
0 0.90990648 0.3206102106455266 0.028913472000000003 0.022536733861834652
0 0.943123104 0.3131284077010192 0.028913472000000003 0.03553228539071348
0 0.9727502400000001 0.3206102106455266 0.024659712 0.0560484530011325
0 0.942816672 0.3405464643261608 0.033166224 0.032938654586636466
0 0.606355344 0.3624713204983012 0.026809776 0.05373108040770102
0 0.630482832 0.3773595832389581 0.033886944 0.027632670441676103
0 0.635981472 0.33284091506228763 0.028916496 0.03224230124575311
0 0.620843328 0.34077249377123436 0.0191268 0.037356502831257084
0 0.6710004 0.327722147225368 0.025453008 0.050146573046432615
0 0.707569632 0.29249123442808606 0.027712944 0.048868022650056624
0 0.723415392 0.30226757870894677 0.022143744 0.04426295809739524
0 0.744200352 0.30674250509626266 0.025453008 0.02302303963759909
0 0.705414528 0.3481926523216308 0.026809776 0.028141807474518686
0 0.735539616 0.33923823329558317 0.03042648 0.04452323442808607
0 0.755271216 0.35561052774631935 0.020183184 0.04707805209513023
0 0.7751187359999999 0.3181695492638732 0.025276608000000002 0.032276548131370326
0 0.7728628319999999 0.3637498708946772 0.01551312 0.0567996013590034
0 0.7927748640000001 0.3524141517553794 0.025756415999999997 0.03402542242355606
0 0.812625408 0.387035469988675 0.019430208 0.05629046432616081
0 0.791343504 0.3968049648924122 0.027712944 0.05219681993204983
0 0.838606608 0.3641790985277463 0.01154664 0.045628267270668176
0 0.850819536 0.3598274609286523 0.015439536 0.052235633069082674
0 0.861138432 0.31566952661381653 0.027237168 0.02068511891279728
0 0.87942456 0.3828116874292185 0.031930415999999996 0.03761677916194791
0 0.923120352 0.3804828992072479 0.027113184 0.039404466591166476
0 0.918677088 0.35016070668176663 0.018226656 0.019189671574178932
0 0.021756671999999998 0.4981072525481314 0.030726864 0.0626398369195923
0 0.041909616000000004 0.4396204212910532 0.030546432000000002 0.04083826953567384
0 0.047061504000000004 0.5111575990939977 0.018436320000000003 0.058646650056625144
0 0.060436656000000005 0.4723170645526613 0.018800208000000002 0.04482917327293318
0 0.085198176 0.45435343148357865 0.035423136 0.05250275877689694
0 0.090178704 0.4277983963759909 0.023697072 0.018420258210645527
0 0.130113648 0.4675590305775764 0.032713632 0.03714645526613816
0 0.147103488 0.45097897168742923 0.029459807999999997 0.048199066817667044
0 0.130473504 0.49749537485843714 0.032353776 0.036228638731596825
0 0.16309843200000002 0.4170517236693091 0.019883808 0.060176344280860695
0 0.17504524800000001 0.4676800362400905 0.030183552 0.03469437825594564
0 0.192305232 0.44669582785956957 0.023317056 0.04147754473386183
0 0.21065184 0.4546753522083805 0.03000312 0.035276575311438275
0 0.215077968 0.47509562853907134 0.030183552 0.03497063646659117
0 0.195379632 0.4932099479048697 0.034160112 0.026986545866364668
0 0.241196256 0.44901320045300114 0.02891952 0.044824607021517554
0 0.25430126399999997 0.4055379207248018 0.034882848 0.026714853907134767
0 0.26351841600000003 0.4562004801812004 0.016449552 0.06109872706681767
0 0.27861019200000003 0.47845638958097386 0.017713583999999997 0.045441050962627405
0 0.294153552 0.45942197055492634 0.027832896000000003 0.046669372593431485
0 0.321807024 0.41963165571913924 0.041753376 0.02517602718006795
0 0.34264641599999995 0.39543508946772365 0.032713632 0.031007130237825593
0 0.369577152 0.39988946772366923 0.029459807999999997 0.022723950169875426
0 0.36289008 0.42844223782559454 0.034519968 0.02885642582106455
0 0.331801344 0.4545406477916194 0.033796224 0.05587721857304643
0 0.31454136 0.4835546092865232 0.017349696 0.06048684937712344
0 0.33017544 0.4942989988674972 0.018976608 0.05127443714609286
0 0.372829968 0.45800871574178936 0.01951992 0.05747997281993205
0 0.364761936 0.48991768063420155 0.03231648 0.054523325028312565
0 0.355653648 0.5039178074745186 0.028413504000000003 0.042740113250283124
0 0.383552064 0.5072283397508495 0.017823456 0.05991606795016987
0 0.38844792 0.4274833250283125 0.020583360000000002 0.04158028539071348
0 0.390331872 0.45232144960362397 0.021336335999999997 0.04094101019252548
0 0.397423152 0.48259797961494905 0.015939504 0.060984570781426946
0 0.412296192 0.46724624235560586 0.016820496 0.046477590033975086
0 0.421771392 0.44370721630804066 0.0190764 0.05586580294450736
0 0.394900128 0.3923003578708946 0.028493136000000002 0.03987022423556059
0 0.415930032 0.4146886885617213 0.032900112 0.038596240090600226
0 0.450328032 0.41567043261608155 0.033009984 0.037740067950169875
0 0.484092 0.4191841630804076 0.033762959999999995 0.022173716874292187
0 0.472418352 0.4432574405436014 0.03213 0.021534441676104188
0 0.44499369600000005 0.47257962400906 0.023473295999999998 0.05245253001132503
0 0.511641648 0.43547883125707804 0.019956384 0.05969917100792752
0 0.42905116800000004 0.48195870441676103 0.016943472 0.043918206115515286
0 0.46846296000000004 0.46841976896942233 0.035772912 0.02622854813137033
0 0.46953144 0.4983766613816535 0.022843296000000003 0.043493544733861834
0 0.48384 0.5092511891279727 0.013553568 0.05927450962627406
0 0.498401568 0.5054132548131371 0.014803488 0.05927450962627406
0 0.5191714080000001 0.5069041359003396 0.029997072 0.028997979614949036
0 0.51151464 0.5295070804077009 0.032510016 0.027723995469988674
0 0.5352379199999999 0.47694724348810874 0.019203407999999998 0.053941127972819934
0 0.528460128 0.4267550079275198 0.027613152000000002 0.04712371460928652
0 0.537936336 0.40733245753114383 0.031380048 0.03369208607021517
0 0.5570782559999999 0.4433693137032842 0.032510016 0.045628267270668176
0 0.5669314560000001 0.46383296942242347 0.031630031999999995 0.03326057531143828
0 0.56109312 0.4920866500566251 0.034012944 0.024943148357870894
0 0.591783696 0.4160950939977349 0.032007024 0.04029945186862967
0 0.6102966240000001 0.43665007474518686 0.035519904 0.030061916194790487
0 0.594418608 0.47438785956964885 0.018076464 0.06034072933182333
0 0.635899824 0.41097860928652313 0.034892928000000004 0.03219663873159683
0 0.668534832 0.41991248018120036 0.029997072 0.047762989807474523
0 0.6585566399999999 0.45424155832389573 0.033639984 0.03454140883352208
0 0.6773215680000001 0.38592587089467717 0.03690288 0.023879211778029444
0 0.677821536 0.36138455266138164 0.033009984 0.024525336353340883
0 0.6894336959999999 0.40999914835787077 0.029873088 0.02707787089467724
0 0.713345472 0.4058392933182332 0.019956384 0.060130681766704414
0 0.70186032 0.44283277916194785 0.026860176 0.03177197734994337
0 0.723823632 0.43718204303510755 0.017573472000000003 0.057571297848244614
0 0.742713552 0.4021063827859569 0.018953424 0.050532421291053224
0 0.7294714560000001 0.38686195243488103 0.016316496 0.044349716874292185
0 0.739703664 0.4558397463193658 0.029747087999999998 0.02921259343148358
0 0.753010272 0.41905859116647787 0.024220224000000002 0.04179033295583239
0 0.767691792 0.42470932729331823 0.023470272 0.04712371460928652
0 0.778053024 0.435369241223103 0.02584008 0.05820600679501699
0 0.7936729920000001 0.44944242808607016 0.015686496 0.053945694224235556
0 0.818901216 0.4452848561721405 0.038282831999999996 0.031125852774631934
0 0.856243584 0.41724350622876555 0.036899856 0.033902133635334085
0 0.88008984 0.44200172140430344 0.020460384 0.045203605889014724
0 0.892015488 0.4111681087202717 0.020836367999999997 0.03667613137032842
0 0.910276416 0.3990173137032842 0.026733167999999998 0.026867823329558324
0 0.911096928 0.4303691959229898 0.032126975999999995 0.04181773046432616
0 0.908770464 0.4618078369195923 0.029247119999999998 0.020255891279728197
0 0.932305248 0.4146886885617213 0.019830384 0.030486577576443942
0 0.935253648 0.4292915605889014 0.028993104000000002 0.045628267270668176
0 0.9367595999999999 0.37440978482446197 0.018073440000000003 0.043068883352208376
0 0.95282712 0.38440987542468846 0.01468656 0.04285426953567383
0 0.977364864 0.389099415628539 0.032882976 0.02963725481313703
0 0.9840166560000001 0.3514689377123442 0.036146880000000006 0.049893146092865236
0 0.999711216 0.3769463374858437 0.01657656 0.034326795016987544
0 0.997193232 0.30223561494903733 0.018453456 0.04925158776896942
0 0.987343056 0.21982619252548133 0.013706784000000001 0.023799302378255942
0 0.088679808 0.5246234745186862 0.02309328 0.053945694224235556
0 0.074936736 0.5544753431483579 0.018453456 0.05948455719139298
0 0.061507151999999995 0.5691855220838052 0.017700479999999998 0.055226527746319365
0 0.046193616 0.5691855220838052 0.018200447999999998 0.056075850509626275
0 0.090248256 0.5777152797281992 0.02221632 0.050957082672706676
0 0.10637827200000001 0.5420003442808606 0.017823456 0.047762989807474523
0 0.11955686400000001 0.5222787044167609 0.026860176 0.05138631030577576
0 0.125896176 0.5724914881087203 0.02121336 0.04690910079275198
0 0.112905072 0.5991446976217439 0.022843296000000003 0.048619161947904874
0 0.15921964800000002 0.573133046432616 0.026360208 0.042644221970554924
0 0.13029004800000002 0.6207841630804076 0.022466304 0.04754837599093998
0 0.18168695999999998 0.5837929603624009 0.024100272 0.061833893544733856
0 0.184636368 0.5284614088335221 0.029493072000000002 0.04114877463193658
0 0.216077904 0.5320892955832388 0.029370096 0.039445562853907136
0 0.315971712 0.5981195741789356 0.031729824 0.039208117780294455
0 0.20202134400000002 0.5950921494903737 0.014309568 0.0554411415628539
0 0.214886448 0.5815532140430351 0.018953424 0.06375400226500566
0 0.23308488 0.5932816308040769 0.024976224 0.049676249150622874
0 0.240364656 0.5667357281993205 0.03175704 0.039655610419026044
0 0.24337656 0.5202535719139297 0.03125304 0.043068883352208376
0 0.24293808 0.5414660928652323 0.021590352 0.03219663873159683
0 0.26822980799999996 0.5162033069082671 0.034766928 0.03880628765571914
0 0.264966912 0.5349660339750849 0.023973263999999998 0.027292484711211776
0 0.29233008 0.5025547814269535 0.026233199999999998 0.026007084937712345
0 0.30142828800000004 0.5227056489241223 0.027110159999999998 0.020680552661381652
0 0.282036384 0.5585233250283124 0.033512976 0.04285883578708947
0 0.316991808 0.5506351257078141 0.032383008000000005 0.03262130011325028
0 0.33500376 0.5357103329558323 0.037279872000000006 0.03305281087202718
0 0.35333020800000003 0.540829100792752 0.028493136000000002 0.037740067950169875
0 0.359982 0.5750508720271802 0.029497104 0.0366715651189128
0 0.374478048 0.5529798958097394 0.032383008000000005 0.0262239818799547
0 0.386213184 0.5762243986409965 0.023220288000000002 0.046267542468856164
0 0.390732048 0.5908295537938846 0.024476256000000002 0.039655610419026044
0 0.401276736 0.5423199818799548 0.015939504 0.04925158776896942
0 0.41137992 0.5192946591166478 0.014813568000000001 0.054795016987542466
0 0.42619046400000005 0.5245161676104189 0.014559552 0.045203605889014724
0 0.438431616 0.5543589037372593 0.03000312 0.04944565345413363
0 0.410186448 0.5906126568516421 0.015186528 0.05373108040770102
0 0.424683504 0.5963729830124576 0.013806576000000001 0.04861231257078142
0 0.417153744 0.5580986636466592 0.014559552 0.025803886749716873
0 0.44762860800000004 0.5333107678369197 0.020503728000000002 0.032513993204983015
0 0.450346176 0.5101781381653454 0.032319504 0.030027669309173274
0 0.465043824 0.5481259705549263 0.020920032 0.057950296715741784
0 0.477561168 0.554411415628539 0.023009616 0.04575383918459796
0 0.462568176 0.5922450917327293 0.015343776 0.04590680860702152
0 0.478476432 0.5964620249150624 0.019960416 0.04456889694224236
0 0.492945264 0.5715165934314834 0.015257088 0.03968300792751982
0 0.502226928 0.5828408969422424 0.015339744 0.022061843714609286
0 0.510553008 0.5598178573046433 0.024666768 0.040272054360135895
0 0.5316282720000001 0.5524136806342016 0.022749552 0.05093425141562854
0 0.56444472 0.5555255809739525 0.034956432 0.0304637463193658
0 0.58719528 0.5749618301245754 0.026809776 0.049893146092865236
0 0.60444216 0.60285706002265 0.019129824 0.0580804348810872
0 0.621763632 0.559228810872027 0.020633759999999998 0.05987497168742922
0 0.657008352 0.5220001630804078 0.027563760000000003 0.051431972819932045
0 0.677943504 0.4735157055492638 0.025753392 0.046059778029445074
0 0.699782832 0.4875866092865232 0.01702008 0.0583361449603624
0 0.687883392 0.5406647157417892 0.01702008 0.05759412910532276
0 0.723806496 0.48362081993204986 0.03102624 0.025328996602491504
0 0.7076895839999999 0.5181645118912797 0.022292928 0.04272869762174405
0 0.7147667520000001 0.534413517553794 0.022600368 0.048103175537938844
0 0.6921764640000001 0.5836628221970556 0.035246736 0.025333562853907133
0 0.6379087680000001 0.641836865232163 0.03591 0.03828345186862967
0 0.708148224 0.6256335220838051 0.023136624 0.05997771234428086
0 0.029631168 0.6949309535673839 0.023036832 0.0567836194790487
0 0.080148096 0.6779011189127973 0.014063616000000001 0.051760742921857304
0 0.057883392000000006 0.6734627225368063 0.029026368 0.04164877916194791
0 0.064372896 0.6120557734994339 0.036239615999999995 0.02848199320498301
0 0.07455974400000001 0.6334920407701019 0.032453568 0.041347406568516425
0 0.097996752 0.7060817395243488 0.032453568 0.034609902604756514
0 0.12314836800000001 0.7295111755379389 0.029390256 0.048390849377123436
0 0.155510208 0.6988807610419027 0.036420048000000003 0.031851886749716875
0 0.16515676799999998 0.665955805209513 0.025059888000000002 0.04930866591166478
0 0.17759649600000002 0.6748371642129104 0.027227088 0.0450232389580974
0 0.17885851200000003 0.72047456398641 0.033716592 0.02970574858437146
0 0.14838969600000002 0.7579954518686295 0.021453264 0.056354391845979616
0 0.172188576 0.7486551845979614 0.035157024 0.03828345186862967
0 0.19535544000000002 0.639158758776897 0.022356432000000002 0.0545119093997735
0 0.21284524800000001 0.63747381200453 0.018389952 0.05421281993204983
0 0.228350304 0.6719330283125708 0.019833408 0.05880418573046433
0 0.259268688 0.6653439275198186 0.035157024 0.041347406568516425
0 0.245386512 0.7030177848244619 0.029026368 0.04379491732729332
0 0.26152358400000003 0.718789617214043 0.029566656 0.02450250509626274
0 0.2873052 0.7068443035107587 0.033897024 0.028787932049830125
0 0.262298736 0.6172613001132502 0.035876736 0.03583822423556059
0 0.26729136000000003 0.5932177032842583 0.026322911999999997 0.026947732729331823
0 0.286945344 0.601946092865232 0.019109664 0.04563968289920725
0 0.301908096 0.6324189716874291 0.030650256 0.0300162536806342
0 0.296500176 0.6523301109852775 0.03534048 0.03368523669309173
0 0.32309625599999997 0.6417638052095129 0.022526784 0.045635116647791615
0 0.303440256 0.6013364983012458 0.016046352 0.02909387089467724
0 0.142676352 0.804062079275198 0.021912912000000003 0.043390804077010195
0 0.094536288 0.8665923261608154 0.019280016 0.02892948584371461
0 0.093408336 0.8636174133635333 0.012770352 0.06295490826727067
0 0.11043648 0.8605306274065684 0.015026256 0.028708022650056626
0 0.118825056 0.8426651687429217 0.02103696 0.045299497168742923
0 0.14148792 0.8448980656851642 0.028796544 0.04466478822197056
0 0.170540496 0.8692498844847111 0.016013088 0.04998218799546998
0 0.15018796799999998 0.9128553023782557 0.0276696 0.053810989807474514
0 0.119577024 0.8951998912797281 0.027546624000000002 0.03680170328425821
0 0.120515472 0.9266773454133633 0.025916688 0.04445702378255945
0 0.14344041600000002 0.9476067587768968 0.039313008 0.038068838052095134
0 0.19989345600000002 0.8632977757644394 0.021159936 0.05211234428086071
0 0.214679808 0.8430715651189127 0.02053296 0.04296157644394111
0 0.216358128 0.803105449603624 0.01928304 0.044874835787089465
0 0.193383792 0.7926829807474517 0.018153072 0.05168768289920725
0 0.20070791999999998 0.7586552751981881 0.03355632 0.03169206795016987
0 0.232385328 0.7788586545866365 0.019783008 0.046155669309173274
0 0.251290368 0.8252266545866364 0.023786784000000002 0.044881685164212905
0 0.23801803200000002 0.8310760226500566 0.024289776 0.04721503963759909
0 0.248098032 0.8660603578708946 0.026416656 0.04232686749716874
0 0.223494768 0.888501200453001 0.030050496000000003 0.02765093544733862
0 0.231947856 0.8524506455266138 0.017403119999999998 0.038925010192525485
0 0.26130686399999997 0.9140242627406568 0.019033056 0.03870811325028312
0 0.244904688 0.9187023873159682 0.014523264000000001 0.041687592298980745
0 0.230506416 0.9199786545866363 0.020032992 0.047639701019252544
0 0.21900211200000003 0.9275084031710078 0.026416656 0.04594562174405436
0 0.25999344 0.9862303963759907 0.022159872 0.03339071347678369
0 0.24177686399999998 0.9816572955832389 0.016527168000000002 0.025945440543601362
0 0.26675308799999997 0.9575155243488108 0.02666664 0.026584715741789354
0 0.24258830399999998 0.9527346591166477 0.024663744 0.01913944280860702
0 0.28185192 0.9871687610419025 0.032176368 0.038493499433748586
0 0.28523376 0.931439945639864 0.036687168 0.037219515288788224
0 0.273388752 0.8788253137032842 0.029923488 0.036370192525481314
0 0.29398521600000005 0.8782910622876557 0.019783008 0.04381089920724802
0 0.308835072 0.880928072480181 0.015023232000000001 0.05699823329558324
0 0.27146044799999997 0.8385875062287655 0.019006848 0.04837486749716874
0 0.26795462400000003 0.8085666862967156 0.03130344 0.029682917327293317
0 0.26017488 0.7880345368063421 0.034170192 0.03529940656851642
0 0.25161696 0.7678014767836919 0.027633312 0.031166949037372594
0 0.275215248 0.7452030985277464 0.017650080000000002 0.047712761041902606
0 0.40460515199999997 0.704433322763307 0.026916624 0.028890672706681768
0 0.36744119999999997 0.6883372865232164 0.02942352 0.043390804077010195
0 0.34471684799999996 0.7039721313703283 0.019533024 0.06316495583238958
0 0.32881665600000004 0.7328947678369195 0.029799503999999997 0.036370192525481314
0 0.319614624 0.7069470441676104 0.032676336 0.05338632842582106
0 0.31034808 0.7452350622876557 0.020909952 0.04785431483578709
0 0.292006512 0.7383194745186864 0.024539759999999997 0.03871496262740657
0 0.34208798399999996 0.8164822831257077 0.01928304 0.027858699886749716
0 0.326000304 0.8391331732729331 0.020906927999999998 0.03488159456398641
0 0.31153852800000004 0.8277563578708945 0.014523264000000001 0.044881685164212905
0 0.298204704 0.8306285300113251 0.017403119999999998 0.054021037372593436
0 0.32393491199999996 0.8021282718006795 0.031050432000000003 0.03020346998867497
0 0.304338384 0.7843678369195923 0.03343032 0.02828336126840317
0 0.342712944 0.7851121359003397 0.016527168000000002 0.0336007610419026
0 0.33639177600000003 0.7579954518686295 0.02942352 0.02913953340883352
0 0.362371968 0.7340682944507361 0.021282912 0.039132774631936575
0 0.378147168 0.7344929558323896 0.019280016 0.032758287655719136
0 0.40237545599999996 0.763312851642129 0.021909888 0.0261600543601359
0 0.403375392 0.7383194745186864 0.029923488 0.02721942468856172
0 0.38202696 0.7701142831257078 0.022786848000000002 0.021908874292185732
0 0.35967859199999996 0.7780915243488109 0.019657008 0.04849359003397508
0 0.36473976 0.8394322627406569 0.017306352 0.01990885617214043
0 0.353563056 0.8303979343148358 0.025600176 0.03797751302378256
0 0.352481472 0.8579598278595696 0.025963055999999998 0.02143855039637599
0 0.33499166399999997 0.8619415990939976 0.018389952 0.0281760543601359
0 0.35924313599999996 0.8876701426953568 0.024700032 0.03920126840317101
0 0.340582032 0.8896587451868629 0.023437008000000002 0.021744489241223103
0 0.336073248 0.908958006795017 0.023799888 0.027870115515288788
0 0.321649776 0.9130904643261608 0.015866928000000002 0.0343039637599094
0 0.32237856 0.879245408833522 0.015489936000000001 0.04869678822197056
0 0.30623644800000005 0.9434103737259342 0.037680048 0.031240009060022653
0 0.305152848 0.9741891913929783 0.031553424 0.034609902604756514
0 0.33499166399999997 0.9743444439411099 0.029929536 0.04226978935447338
0 0.360738 0.9803467814269535 0.022536864 0.038589390713476786
0 0.354013632 0.9487711528878822 0.040566960000000006 0.02909387089467724
0 0.357707952 0.9225837010192526 0.031010112 0.029404375990939976
0 0.375738048 0.8864441041902605 0.02415672 0.043488978482446206
0 0.39007180799999996 0.8671516919592298 0.015323616 0.049614604756511894
0 0.37988496 0.8412701789354472 0.013342896 0.03276970328425821
0 0.377721792 0.8111009558323895 0.030290400000000002 0.025114382785956964
0 0.421983072 0.7818518323895809 0.0257796 0.04195928425821064
0 0.407469888 0.7908884439411098 0.031372992 0.029399809739524347
0 0.423245088 0.8207494450736126 0.038763648 0.024196566251415627
0 0.436946832 0.8431058120045299 0.020373696 0.024196566251415627
0 0.44019359999999996 0.8634735764439412 0.029386224 0.022054994337485843
0 0.41801659199999996 0.8657726840317101 0.011360160000000001 0.03706197961494904
0 0.40440456 0.8648525843714608 0.014783328 0.03890217893544733
0 0.41008464000000006 0.8389710713476782 0.034076448 0.029404375990939976
0 0.454346928 0.9190631211778029 0.028126224000000002 0.017456779161947905
0 0.47012212800000003 0.8973140656851643 0.011357135999999999 0.04195928425821064
0 0.45696168 0.8945606160815401 0.01424304 0.03950720724801812
0 0.444070368 0.9348349535673839 0.020912976000000003 0.020214795016987544
0 0.437398416 0.8925697304643262 0.010816847999999999 0.037972946772366935
0 0.42712286400000005 0.8919578527746318 0.01262016 0.04042959003397509
0 0.408911328 0.8994602038505095 0.026683776 0.02970574858437146
0 0.422344944 0.9221247927519819 0.022177008 0.0199042899207248
0 0.4092732 0.9285586409966025 0.027766368 0.03276970328425821
0 0.387458064 0.9184512434881088 0.022356432000000002 0.03706197961494904
0 0.39638188799999996 0.9538237100792751 0.042370272 0.03675604077010192
0 0.458945424 0.9498396557191393 0.03082968 0.049002727066817665
0 0.47039328 0.8582657667044166 0.0292068 0.02143855039637599
0 0.457013088 0.8378158097395242 0.032553359999999996 0.03126284031710079
0 0.457263072 0.7919843442808607 0.024039791999999997 0.0421122536806342
0 0.442112832 0.7925551257078143 0.020906927999999998 0.04998218799546998
0 0.434928816 0.7516574949037371 0.022282848 0.038221807474518685
0 0.426382992 0.7413697304643262 0.022933008 0.03601402491506229
0 0.451480176 0.7503720951302377 0.022499568 0.0503520543601359
0 0.427464576 0.7055337893544733 0.022070160000000002 0.045203605889014724
0 0.44920814400000003 0.711782704416761 0.025309872 0.04300038958097395
0 0.46932984 0.7597466092865233 0.015793344 0.0514548040770102
0 0.485771328 0.7395318142695356 0.013196735999999999 0.05366258663646659
0 0.470194704 0.7187667859569649 0.022716288 0.040799456398641
0 0.49096353600000003 0.7042483895809739 0.015793344 0.050719637599093995
0 0.491504832 0.7790413046432616 0.016876944 0.051087220838052096
0 0.5088132 0.8224092774631936 0.026393471999999998 0.04006200679501699
0 0.5182228799999999 0.859345685164213 0.015793344 0.04042502378255945
0 0.503079696 0.8496081540203851 0.020553119999999998 0.0503520543601359
0 0.49290998399999997 0.8841564122310305 0.030073680000000002 0.03638845753114383
0 0.50816304 0.9181498708946773 0.027260351999999998 0.030141825594563985
0 0.527202144 0.9203553703284258 0.029856960000000002 0.027927193657984142
0 0.535747968 0.9512277961494903 0.031803408000000005 0.034552824462061156
0 0.510761664 0.9558237281993205 0.025529615999999998 0.04741138844847112
0 0.5424552 0.974380973952435 0.036129744 0.03601402491506229
0 0.48382488 0.9446135809739524 0.021850415999999998 0.05586580294450736
0 0.520604784 0.89205374405436 0.026610191999999998 0.02352304416761042
0 0.5471071200000001 0.8935263601359003 0.026826911999999998 0.039694423556058886
0 0.535208688 0.8573228357870893 0.030722832 0.030504842582106454
0 0.5499204480000001 0.8360098573046432 0.026393471999999998 0.03785422423556059
0 0.537912144 0.7946624507361268 0.022716288 0.04410542242355606
0 0.5339103839999999 0.8216763941109851 0.019040112 0.04300038958097395
0 0.520604784 0.798518650056625 0.014497056000000001 0.048148838052095126
0 0.532719936 0.7604840588901471 0.026613216 0.02719659343148358
0 0.530881344 0.7349358822197054 0.034616735999999995 0.026093843714609287
0 0.508055184 0.7674247610419026 0.017956512 0.05476305322763307
0 0.585726624 0.7258969875424689 0.024013584 0.03785422423556059
0 0.558465264 0.7558858437146093 0.023583168 0.03711677463193658
0 0.577179792 0.7823495537938845 0.021633695999999997 0.0525598369195923
0 0.556409952 0.7913564847112118 0.036779904 0.03528342468856172
0 0.568851696 0.8176284122310304 0.027043631999999998 0.031240009060022653
0 0.571663008 0.837660557191393 0.024447024 0.02278559456398641
0 0.566903232 0.8916884439411099 0.023580144 0.027934043035107586
0 0.581939568 0.8824988629671573 0.025526592 0.01911204530011325
0 0.570690288 0.8617338346545866 0.025960032 0.038589390713476786
0 0.554680224 0.9021634246885616 0.01644048 0.03344322536806342
0 0.6241284 0.8902181109852775 0.017310384 0.02498881087202718
0 0.61482456 0.9142913884484711 0.024230304 0.027564176670441677
0 0.598491936 0.9067547904869763 0.024016608000000002 0.03895697395243488
0 0.5663629440000001 0.9288097848244621 0.017739792 0.04557118912797282
0 0.58280544 0.9269695855039637 0.026396496 0.038221807474518685
0 0.64468152 0.8698206659116648 0.0281232 0.023890627406568516
0 0.641977056 0.8973848425821065 0.024880464 0.02829477689694224
0 0.6632881920000001 0.8802956466591165 0.031156272 0.04263280634201585
0 0.637866432 0.8424391392978482 0.027046656000000002 0.034552824462061156
0 0.6187184640000001 0.863571750849377 0.029856960000000002 0.049614604756511894
0 0.601412112 0.8628388674971688 0.029856960000000002 0.04741138844847112
0 0.627916464 0.8183681449603625 0.032233824 0.026093843714609287
0 0.6228300959999999 0.7941099343148356 0.030719808 0.027564176670441677
0 0.607036752 0.783228557191393 0.028993104000000002 0.04006200679501699
0 0.6421947840000001 0.7325112027180068 0.027477071999999998 0.060639818799546996
0 0.614933424 0.7408194971687428 0.027046656000000002 0.051087220838052096
0 0.631918224 0.769851723669309 0.02942352 0.048141988674971686
0 0.65095632 0.7841874699886748 0.024233328 0.060639818799546996
0 0.6681568320000001 0.8229617938844845 0.02833992 0.029399809739524347
0 0.669561984 0.849238287655719 0.034183295999999995 0.029767392978482445
0 0.6906564 0.8724051642129104 0.019253808 0.036365626274065685
0 0.7127245440000001 0.8945925798414495 0.030936528 0.045210455266138164
0 0.687398544 0.9234467225368063 0.033509952 0.02645457757644394
0 0.685519632 0.8953642763306908 0.030373056 0.02778563986409966
0 0.72809856 0.867580919592299 0.021029904 0.02954592978482446
0 0.709925328 0.8494985639864099 0.030896208 0.03484049830124575
0 0.793652832 0.8971291325028313 0.026480160000000003 0.03131306908267271
0 0.771844752 0.8792659569648924 0.020249712 0.016755859569648923
0 0.763926912 0.8678000996602492 0.030373056 0.02117142468856172
0 0.757565424 0.8969076693091733 0.029076768 0.04939999093997735
0 0.750814848 0.9178553476783691 0.023883552 0.05160320724801812
0 0.736276464 0.9348349535673839 0.035826336 0.039694423556058886
0 0.656365248 0.9672507723669309 0.031156272 0.07321070894677235
0 0.856836288 0.8782385503963761 0.02142 0.03491584144960362
0 0.8535996 0.8565534224235561 0.0231336 0.03344779161947905
0 0.829574928 0.8411172095130238 0.031369968 0.030504842582106454
0 0.8294670719999999 0.8714371189127972 0.027260351999999998 0.03087242582106455
0 0.84883176 0.9024967610419027 0.016656192 0.02682901019252548
0 0.826004592 0.9080082265005661 0.02942352 0.031240009060022653
0 0.826654752 0.8905491642129105 0.037643760000000005 0.029399809739524347
0 0.8046964799999999 0.8591242219705549 0.011900448000000001 0.048148838052095126
0 0.7969086719999999 0.8047333182332954 0.017956512 0.051087220838052096
0 0.791389872 0.8466263918459797 0.020340432 0.062112434881087204
0 0.768671568 0.8172265821064552 0.025529615999999998 0.046676221970554925
0 0.7528802400000001 0.816306482446206 0.028126224000000002 0.04851642129105323
0 0.7214003999999999 0.8093246840317099 0.020553119999999998 0.03674919139297848
0 0.701279712 0.7959113204983012 0.019686239999999997 0.05990921857304643
0 0.68083344 0.7858039229898075 0.028126224000000002 0.05439318686296716
0 0.664716528 0.7597077961494902 0.034833456 0.03528342468856172
0 0.7682401440000001 0.7766166251415628 0.016872912 0.03233819252548131
0 0.342202896 0.5982656942242355 0.020733552000000002 0.05728134088335221
0 0.317415168 0.5818865503963759 0.034616735999999995 0.03675604077010192
0 0.509156928 0.635788865232163 0.020733552000000002 0.04532917780294451
0 0.9084650400000001 0.1660266183465458 0.035529984 0.04413966930917327
0 0.879428592 0.1661156602491506 0.028836864 0.032605318233295585
0 0.949899888 0.1452958369195923 0.044193744 0.05985898980747452
0 0.947588544 0.11545310079275198 0.049410143999999996 0.03327199093997735
0 0.991260144 0.1538210283125707 0.032833584 0.033906699886749714
0 1.0005680160000001 0.12609474971687423 0.01486296 0.036313114382785956
0 0.8869563359999999 0.20695164665911664 0.034726608000000006 0.021867778029445072
0 0.899772048 0.22651346772366923 0.026809776 0.04775157417893545
0 0.9369763200000001 0.1843829490373725 0.042873264 0.024881503963759908
0 0.9492588000000001 0.19832599773499432 0.023503536000000002 0.02107096715741789
0 0.970518528 0.21046309399773497 0.020670048 0.03169891732729332
0 0.972113184 0.26945221291053223 0.034486704 0.04855523442808607
0 0.944711712 0.2616279411098527 0.021730464 0.03610991619479049
0 0.5246599679999999 0.6350240181200453 0.017126928 0.05727677463193658
0 0.851570496 0.18049935220838043 0.020713392 0.0411031121177803
0 0.7853338080000001 0.7812079909399773 0.018606672 0.03932684031710079
0 0.7572096 0.7591575628539072 0.025087104 0.060639818799546996
0 0.745631712 0.7317783193657984 0.027909504 0.030134976217440546
0 0.718911648 0.7655914110985278 0.019902959999999997 0.059541635334088336
0 0.7024469760000001 0.7457441993204982 0.022933008 0.056233386183465454
0 0.857917872 0.8034456353340882 0.022716288 0.04998218799546998
0 0.8358467039999999 0.8029045345413364 0.023573088 0.05111005209513023
0 0.83206368 0.7854363397508493 0.012980016 0.028664643261608155
0 0.813890448 0.7966464869762174 0.017306352 0.059174052095130235
0 0.8065330559999999 0.7503378482446205 0.022499568 0.059174052095130235
0 0.783168624 0.7181731732729331 0.025963055999999998 0.05511237146092865
0 0.848506176 0.7565867633069081 0.018606672 0.03932684031710079
0 0.85402296 0.7286550033975084 0.021853440000000002 0.032712625141562854
0 0.8449368479999999 0.7099082582106455 0.026179776 0.0503520543601359
0 0.872629632 0.7295728199320498 0.017959535999999998 0.06174941789354473
0 0.893508336 0.8571059388448471 0.015576623999999999 0.03234504190260476
0 0.8913451680000001 0.8310098120045298 0.034183295999999995 0.019847211778029443
0 0.896645232 0.7975643035107588 0.034396992 0.04557118912797282
0 0.928989936 0.8012401359003398 0.031153247999999998 0.04483602265005662
0 0.952679952 0.8115301834654586 0.033099696 0.03675604077010192
0 0.9615503519999999 0.7641187950169875 0.02142 0.04042502378255945
0 0.9663101279999999 0.6920861789354474 0.018820368 0.03528342468856172
0 0.977884992 0.6126973318233295 0.02120328 0.0514548040770102
0 0.970096176 0.5829299388448471 0.024666768 0.028669209513023784
0 0.926804592 0.5847678550396375 0.025963055999999998 0.0503520543601359
0 0.987079968 0.5516899297848245 0.022720320000000002 0.05659640317100792
0 0.966417984 0.538639583238958 0.038943072 0.04152777349943375
0 0.931584528 0.5443359818799547 0.039809952 0.03234504190260476
0 0.9360197280000001 0.5048287746319365 0.02964024 0.028301626274065687
0 0.9634988160000001 0.49582412684031707 0.023583168 0.0529274201585504
0 0.981346464 0.49857985956964884 0.025100208 0.02829477689694224
0 1.0012716 0.44602458890147223 0.013456800000000001 0.07534543148357871
0 0.976262112 0.4438213725934315 0.023583168 0.07387281540203851
0 0.231278544 0.3798938527746319 0.019203407999999998 0.059167202718006795
0 0.213934896 0.4048529830124575 0.020923056000000002 0.04334057531143828
0 0.24747307200000002 0.3231650283125707 0.038412864000000005 0.040169313703284255
0 0.26087544 0.2854272434881086 0.018489744000000002 0.06062840317100792
0 0.282948624 0.32852124122310306 0.024223248 0.06208275424688562
0 0.26202960000000003 0.36687090373725934 0.033166224 0.039790314835787086
0 0.176941296 0.2095635424688561 0.046316592 0.04363509852774632
0 0.17531136 0.1762573046432616 0.037223424000000005 0.031619007927519815
0 0.113451408 0.14597620838052086 0.037723392 0.05768317100792752
0 0.137587968 0.18124136806342012 0.04200336 0.0300961630804077
0 0.08926545599999999 0.17845367157417896 0.02936304 0.03330623782559457
0 0.121461984 0.17355180067950168 0.0390096 0.05054840317100793
0 0.064691424 0.18037834654586635 0.022096367999999998 0.03364642355605889
0 0.025771536 0.11148046206115511 0.03483648 0.05207809739524349
0 0.0609084 0.11164713023782553 0.035236656000000005 0.024687438278595694
0 0.207157104 0.1159165753114383 0.033252911999999996 0.05113288335220838
0 0.223351632 0.15925715062287651 0.035543088 0.039445562853907136
0 0.260616384 0.16132794563986402 0.03784032 0.04260997508493771
0 0.212029776 0.19772553567383916 0.021499632 0.03018748810872027
0 0.224427168 0.22779430124575312 0.023073120000000003 0.06403710985277464
0 0.24852139199999998 0.2210179841449603 0.025689888 0.050804113250283126
0 0.273519792 0.2440387406568516 0.015627024 0.04954154473386183
0 0.277301808 0.22738562174405427 0.030356928000000002 0.056473114382785954
0 0.285066432 0.20743338618346538 0.020999664 0.038550577576443944
0 0.255636864 0.2380774994337486 0.020152944 0.052135175537938845
0 0.24261451199999998 0.19164785503963758 0.018663120000000002 0.03311445526613816
0 0.338963184 0.15748544507361265 0.030099887999999998 0.07070155379388449
0 0.318325392 0.10840052548131368 0.023563008 0.030390686296715742
0 0.34902302399999996 0.10927724575311436 0.038526767999999996 0.02980163986409966
0 0.29906049599999995 0.1983876421291053 0.027347040000000003 0.03797751302378256
0 0.31789296 0.21518916421291054 0.014446655999999999 0.0540484348810872
0 0.307144656 0.25200456625141565 0.034570368 0.02308011778029445
0 0.337243536 0.22351572366930908 0.029413440000000002 0.04090676330690826
0 0.351769824 0.2400227225368063 0.023406767999999998 0.05930875651189128
0 0.371899584 0.23637200453001134 0.016166304 0.07187508040770102
0 0.39563496 0.22862992525481307 0.03921624 0.04120128652321631
0 0.4269384 0.22700890600226498 0.019950336 0.06133617214043035
0 0.409737888 0.17749932502831253 0.039556944000000004 0.04178348357870895
0 0.44809128000000004 0.19269124348810865 0.02545704 0.07158055719139297
0 0.452391408 0.2642626681766703 0.033709536 0.035367900339750846
0 0.467526528 0.20174840317100787 0.015479856 0.04528808154020385
0 0.47234376 0.16157452321630797 0.01892016 0.06076995696489241
0 0.48721982399999997 0.18830992525481305 0.017027136000000002 0.03535191845979615
0 0.492638832 0.1665403216308041 0.020636784000000002 0.042073440543601355
0 0.47414808 0.2340340838052095 0.036290016 0.05902108267270668
0 0.497798784 0.23768251868629664 0.01926288 0.055221961494903736
0 0.51035544 0.2867697214043035 0.026829936 0.05463748131370329
0 0.517921488 0.24382184371460922 0.021330288 0.06165352661381653
0 0.538989696 0.24192228312570774 0.032506992 0.028045916194790486
0 0.5170596479999999 0.17501300113250276 0.026486208 0.06895267950169875
0 0.532539504 0.20014108267270667 0.016166304 0.04090676330690826
0 0.554211504 0.2140202038505096 0.026143488 0.056975402038505096
0 0.54071136 0.28867156511891273 0.032163264 0.04324468403171008
0 0.488596752 0.1184782423556058 0.055899647999999996 0.05054840317100793
0 0.53400312 0.12943496262740647 0.038353392 0.05200960362400906
0 0.568402128 0.16785768516421293 0.029410416 0.049377159682899206
0 0.5401952640000001 0.1631818437146093 0.034570368 0.024835841449603626
0 0.744771888 0.05422423556058888 0.024843168000000002 0.07425866364665912
0 0.11111688 0.2842126206115515 0.030819600000000003 0.06586589354473386
0 0.014714784 0.3157357372593431 0.029429568 0.06924035334088335
0 0.051364656 0.22869156964892406 0.047303424 0.06731567836919593
0 0.050373792 0.28822407248018117 0.036406944 0.045861146092865235
0 0.042373296 0.38951266138165347 0.031819535999999995 0.04821048244620611
0 0.046601856000000004 0.33740944960362396 0.027376272 0.04284742015855039
0 0.089669664 0.39231177349943375 0.034113744 0.05088858890147225
0 0.083793024 0.3226832887882219 0.030099887999999998 0.02559383918459796
0 0.090171648 0.3544529830124575 0.022503600000000002 0.036518595696489235
0 0.116473392 0.3592018844847112 0.029813615999999998 0.04796162174405436
0 0.14377708800000003 0.36687090373725934 0.023932944 0.06330194337485844
0 0.164491488 0.35153286523216304 0.032683392 0.03165325481313703
0 0.177960384 0.3936519682899206 0.015193584 0.05600279048697621
0 0.19430006400000002 0.3968163805209512 0.019779984 0.05892519139297848
0 0.201250224 0.3562794835787089 0.016499952000000002 0.05721513023782559
0 0.219094848 0.35226118233295584 0.018629856 0.049664833522083805
0 0.7373812319999999 0.12996464779161943 0.029383199999999998 0.064032543601359
0 0.764837136 0.059904652321630766 0.026993232000000002 0.08562178029445074
0 0.547326864 0.18577108946772358 0.022313088 0.019586935447338617
0 0.573343344 0.12363354020385052 0.03067344 0.04893651642129106
0 0.6007901760000001 0.12692124122310305 0.031387104 0.043822314835787086
0 0.588821184 0.1539488833522083 0.035830368 0.03554370101925255
0 0.624653568 0.16867732729331822 0.033826464 0.028975148357870892
0 0.5640264 0.06909651642129108 0.019493712 0.04455748131370328
0 0.615551328 0.04450268629671576 0.018777024 0.035792561721404305
0 0.715330224 0.05037031936579835 0.034993727999999995 0.04260997508493771
0 0.62952624 0.07372212910532273 0.043573824000000004 0.029950043035107586
0 0.60186168 0.06971067723669304 0.018056304 0.0628316194790487
0 0.5881065120000001 0.06471291506228762 0.012613104 0.053324684031710076
0 0.582012144 0.059000534541336296 0.020776896 0.03650718006795017
0 0.6492346560000001 0.14238256851642128 0.015910272 0.059648942242355604
0 0.6390578880000001 0.12326824009060025 0.021930048 0.07109196828992072
0 0.660987936 0.10074977123442809 0.021930048 0.06647320498301246
0 0.673241184 0.15723658437146082 0.03153024 0.06500515515288788
0 0.681267888 0.09965387089467716 0.021496608 0.04821048244620611
0 0.692377056 0.14128666817667035 0.029666447999999998 0.06330194337485844
0 0.70606368 0.07287052321630798 0.020353536000000002 0.04187937485843715
0 0.7165267200000001 0.09697576443941107 0.034686287999999996 0.04528808154020385
0 0.340656624 0.32509883578708937 0.028413504000000003 0.051952525481313704
0 0.308883456 0.3276764847112118 0.0325332 0.03795011551528879
0 0.308205072 0.2883405118912796 0.026676719999999998 0.05489319139297848
0 0.309317904 0.37760159456398634 0.021690143999999998 0.06042520498301246
0 0.33097478399999997 0.2661097168742921 0.023483375999999997 0.04347756285390714
0 0.34004376000000003 0.28272402265005664 0.027832896000000003 0.031007130237825593
0 0.357558768 0.31649601812004524 0.01698984 0.06232704869762174
0 0.374095008 0.33369023782559454 0.021149856 0.051890881087202724
0 0.386460144 0.2744636738391846 0.023853312 0.05096849830124575
0 0.418467168 0.2724339750849376 0.02747304 0.05219681993204983
0 0.39930811200000005 0.29270128199320494 0.031810464000000004 0.03316011778029445
0 0.412188336 0.3125690419026047 0.033889968 0.03625146998867497
0 0.44135784 0.32650067497168733 0.027403488 0.061121558323895805
0 0.42080673599999996 0.33307607701019243 0.02772 0.026653209513023784
0 0.458053344 0.3083932049830124 0.03294648 0.0485118550396376
0 0.472319568 0.293806314835787 0.030333744000000003 0.049393141562853904
0 0.493866576 0.3209047338618346 0.029913408000000002 0.027541345413363536
0 0.493668 0.2878724711211778 0.029703744 0.03802317553793884
0 0.35521516799999997 0.3685330192525481 0.036703296 0.028098428086070215
0 0.385281792 0.3486058980747452 0.026176751999999998 0.053057558323895804
0 0.404781552 0.3679964847112117 0.020369664 0.045861146092865235
0 0.429149952 0.3862249603624009 0.03273984 0.02310979841449604
0 0.43796491200000004 0.36341196828992073 0.033150096 0.03460305322763307
0 0.47200507199999997 0.38082536806342016 0.031236912 0.04226522310305776
0 0.46901836799999996 0.3428706862967157 0.027543599999999998 0.027870115515288788
0 0.49709016 0.3541219297848244 0.029046528000000002 0.04202777802944507
0 0.505359792 0.388779778029445 0.036293040000000006 0.028217150622876556
0 0.516487104 0.33309662514156285 0.028146384 0.03544780973952435
0 0.536614848 0.3473912751981879 0.032576544 0.027253671574178934
0 0.5306112 0.3793938482446205 0.028443744 0.04246842129105322
0 0.554231664 0.3793093725934315 0.025689888 0.03962592978482446
0 0.571950288 0.37897375311438275 0.025886448 0.040635071347678374
0 0.5766153119999999 0.3563023148357871 0.033463584 0.03243408380520951
0 0.571210416 0.30532468403171004 0.032479776 0.02508013590033975
0 0.576870336 0.3277289966024915 0.032186448 0.023408887882219703
0 0.576181872 0.27681757644394106 0.031203648 0.03327199093997735
0 0.577411632 0.2533264960362401 0.032283216 0.02508013590033975
0 0.5719986720000001 0.21603848697621741 0.024603264 0.045815483578708946
0 0.59054184 0.2115909580973952 0.015650208 0.029591592298980746
0 0.6215065919999999 0.2459976625141563 0.030313583999999998 0.07058283125707815
0 0.6011318880000001 0.23869394337485844 0.020670048 0.03026511438278596
0 0.603543024 0.27616231936579844 0.028839888 0.040968407701019255
0 0.617323392 0.3075963941109853 0.035927136 0.034274283125707815
0 0.640403568 0.2912104009060022 0.030120048 0.051664851642129105
0 0.651516768 0.24862325707814267 0.028740096 0.0367834382785957
0 0.664223616 0.26193387995469986 0.028740096 0.03995926613816535
0 0.672314832 0.28642953567383916 0.031890096 0.04309628086070215
0 0.636358464 0.21819375764439408 0.024016608000000002 0.053838387315968295
0 0.665121744 0.20848362400905998 0.030429504 0.03107105775764439
0 0.6769828800000001 0.22238785956964885 0.023373504 0.03594553114382786
0 0.694741824 0.21904536353340884 0.021817152 0.05600735673839185
0 0.7175014559999999 0.24656387768969418 0.041256432 0.036641884484711215
0 0.7137768959999999 0.19495382106455264 0.015420384 0.04932008154020385
0 0.730715328 0.17266823103057752 0.033056352 0.044014097395243486
0 0.74236176 0.21216173952434883 0.040110336 0.028561902604756512
0 0.759078432 0.2676302785956964 0.025590096 0.05573566477916195
0 0.779419872 0.2121092276330691 0.029526336 0.05587265232163081
0 0.7679528640000001 0.18276192978482442 0.035680176 0.024100674971687427
0 0.758109744 0.1520379071347678 0.024033744 0.05378359229898075
0 0.780748416 0.14360860702151756 0.036989568 0.05503474518686297
0 0.795511584 0.13998756964892406 0.031742928 0.06618324801812005
0 0.823234608 0.12159242582106455 0.023049936 0.046676221970554925
0 0.819913248 0.18659301472253678 0.044293536 0.0314888697621744
0 0.815483088 0.2097256443941109 0.02788632 0.029258255945639862
0 0.7947838079999999 0.22755913929784818 0.017833536 0.03210531370328426
0 0.8085087360000001 0.26477637146092864 0.020196288000000003 0.08527246206115516
0 0.785003184 0.258255764439411 0.030120048 0.036920425821064556
0 0.78033816 0.29136337032842585 0.02161656 0.041733254813137034
0 0.798702912 0.30048902378255943 0.019606608 0.04554379161947905
0 0.8276415840000001 0.26297270215175533 0.027636336 0.0523680543601359
0 0.830416608 0.22545181426953562 0.017126928 0.030701191392978482
0 0.845712 0.2493287429218573 0.032596704 0.03350486976217441
0 0.844388496 0.21460240090600224 0.027803664 0.030792516421291053
0 0.87629472 0.23048382332955836 0.03502296 0.05921286523216308
0 0.840836304 0.13667018799546998 0.026967024 0.037452394110985276
0 0.837882864 0.1049004937712344 0.017520048 0.022066409966024915
0 0.847775376 0.08516972140430351 0.010529568000000001 0.017054949037372594
0 0.86249016 0.09010127293318233 0.026179776 0.02056639637599094
0 0.8678547360000001 0.13223635787089466 0.040649616 0.044644240090600223
0 0.882765072 0.12295773499433746 0.028543535999999998 0.05249819252548132
0 0.890884512 0.09887989127972817 0.021356496000000003 0.032100747451868625
0 0.505999872 0.6066949943374859 0.031000032 0.04288166704416761
0 0.48616848 0.6468163624009059 0.01694952 0.02143855039637599
0 0.478776816 0.6824970509626272 0.033533136 0.049920543601359
0 0.466694928 0.6632023556058889 0.026683776 0.04931551528878823
0 0.447671952 0.6713211506228765 0.018923184000000003 0.043493544733861834
0 0.50987664 0.6659580883352209 0.029747087999999998 0.051760742921857304
0 0.47273687999999997 0.6281335447338618 0.033713568 0.023890627406568516
0 0.443708496 0.5909231619479048 0.027223056 0.026036765571913926
0 0.447674976 0.6249166206115516 0.017849664 0.04808034428086071
0 0.429556176 0.6526360498301246 0.027766368 0.03981314609286523
0 0.42730128 0.635788865232163 0.023616432 0.05758271347678369
0 0.426129984 0.6639694858437145 0.028487088 0.0281760543601359
0 0.41422953599999995 0.6780563714609286 0.028126224000000002 0.03369208607021517
0 0.395661168 0.675298355605889 0.030650256 0.032468330690826726
0 0.391604976 0.6538620883352209 0.01820952 0.028787932049830125
0 0.406569744 0.6382386591166477 0.016767072 0.04165334541336353
0 0.388990224 0.6206311936579841 0.034252847999999995 0.03950720724801812
0 0.36573163200000003 0.6497273476783691 0.029929536 0.04318303963759909
0 0.345359952 0.6393140113250282 0.019473551999999998 0.05482469762174405
0 0.364379904 0.6158800090600227 0.025059888000000002 0.04532917780294451
0 0.95927832 0.4331614586636466 0.019037088 0.060639818799546996
0 0.9467095680000001 0.4636663012457531 0.023366448 0.05880418573046433
0 0.9110314079999999 0.48406602944507365 0.038076192 0.024258210645526614
0 0.912115008 0.5053790079275197 0.035050175999999995 0.024258210645526614
0 0.895671504 0.51658687202718 0.032449536 0.048148838052095126
0 0.885070368 0.5368016670441677 0.040240368 0.03711677463193658
0 0.8747938080000001 0.4925158776896941 0.02877336 0.05806901925254813
0 0.859323024 0.47947009739524343 0.031586688 0.03344779161947905
0 0.838446336 0.5123630894677236 0.034833456 0.04042502378255945
0 0.8310687840000001 0.4772645979614949 0.036129744 0.03674919139297848
0 0.90367704 0.7082552751981879 0.032887008 0.03674919139297848
0 0.867004992 0.6687480679501698 0.027043631999999998 0.05182238731596829
0 0.883778112 0.6691133680634201 0.022490496 0.062112434881087204
0 0.9147096 0.6703987678369195 0.017739792 0.06027680181200453
0 0.8921011679999999 0.6016721177802943 0.033537168 0.039687574178935446
0 0.879013296 0.6106767655719139 0.031586688 0.03711677463193658
0 0.86819544 0.6419167746319365 0.032449536 0.034185241223103055
0 0.843965136 0.6489008561721404 0.016010064 0.059174052095130235
0 0.824925024 0.6200467134767836 0.017310384 0.05806901925254813
0 0.8393112 0.582377422423556 0.038296944 0.024621227633069082
0 0.830008368 0.5437857485843713 0.018389952 0.05476305322763307
0 0.804695472 0.5373541834654586 0.030936528 0.030134976217440546
0 0.79235856 0.4969268765571914 0.032249952 0.050719637599093995
0 0.757963584 0.480938147225368 0.022286880000000002 0.04740682219705549
0 0.748336176 0.5033561585503964 0.022933008 0.0525598369195923
0 0.734921712 0.5206302876557191 0.020336399999999998 0.048148838052095126
0 0.756341712 0.5399249830124574 0.037643760000000005 0.024258210645526614
0 0.7542652320000001 0.5651010101925253 0.036996624 0.03160759229898075
0 0.797773536 0.6185786636466591 0.038292912000000005 0.04116703963759909
0 0.732218256 0.6237225458663647 0.032236848000000005 0.04337025594563986
0 0.7020145440000001 0.6724284665911665 0.043702848 0.047055220838052095
0 0.6789948480000001 0.7054995424688562 0.017089632 0.06137498527746319
0 0.662012064 0.7040292095130238 0.017310384 0.05990465232163081
0 0.643513248 0.6792207655719139 0.024447024 0.04631320498301246
0 0.904616496 0.1216221064552661 0.022046976 0.05919003397508494
0 0.634103568 0.7032917599093996 0.022933008 0.06137498527746319
0 0.614630016 0.7014538437146093 0.018606672 0.051087220838052096
0 0.5824435680000001 0.6942893952434882 0.032453568 0.03429711438278596
0 0.565136208 0.7134311211778028 0.023799888 0.051756176670441675
0 0.537912144 0.7076091506228767 0.033537168 0.02909387089467724
0 0.527822064 0.6883167383918459 0.01657656 0.04808719365798415
0 0.51303168 0.7057758006795017 0.015862896 0.04257116194790487
0 0.565136208 0.6555447519818799 0.016946496000000002 0.036450101925254816
0 0.580911408 0.6472752706681766 0.0315504 0.0560484530011325
0 0.547738128 0.6710106455266137 0.025062912 0.05206668176670441
0 0.5470164000000001 0.6322660022650056 0.030106944 0.051148865232163075
0 0.5404896 0.5956697802944506 0.03191328 0.04410542242355606
