0 0.4999476784698889 0.09574238261691072 0.02062791625743086 0.03647083986773736
0 0.22634589196174726 0.4128938460085026 0.030053979839751877 0.05340066887104393
0 0.2365733533212717 0.38085258762399626 0.02880342414060481 0.057983093056211625
0 0.26182728353579743 0.43807146717052425 0.02838448798139054 0.06713794237128011
0 0.26662941742052215 0.36788381294284367 0.027133932282243478 0.05035381388757675
0 0.7595338619798399 0.06246124137931036 0.03157132075471698 0.08716176476145489
0 0.7303552711294908 0.06698938497874349 0.034005735849056605 0.06460532451582428
0 0.7017654835874904 0.06399395370807748 0.029894533988110625 0.045729965044874823
0 0.6652409201344017 0.09077285214926782 0.017128444559317654 0.03176699858290033
0 0.6459281716205739 0.10228176476145488 0.02334162212458 0.03728790552668871
0 0.6277075750840011 0.1173217723193198 0.025861491858361337 0.027774518658478978
0 0.6123830571207031 0.1737935795937648 0.03316577927112949 0.059082989135569204
0 0.6007539312483845 0.12906066320264528 0.02888366813130008 0.04940961738308928
0 0.5528920382527787 0.17785890977798768 0.03173910364435255 0.0665994218233349
0 0.5740097554923752 0.1577593802550779 0.033504471439648485 0.04634419272555503
0 0.5346714417162058 0.17793604534718938 0.0345955812871543 0.05447342465753425
0 0.5363523970018094 0.2060191062824752 0.02603031687774619 0.051100886159659895
0 0.5177097379167744 0.23417930278696267 0.019312748513827863 0.06076997260273972
0 0.5353425732747481 0.2696245252716108 0.051724025846471955 0.08163942938119981
0 0.5002030002584648 0.30614821728861596 0.03854004238821401 0.07979674633915919
0 0.44870303230809 0.32428078979688235 0.03073136417678987 0.06813356258856872
0 0.471122369604549 0.308812251299008 0.024383751873869215 0.0883945054322154
0 0.48094756888084783 0.24279705999055268 0.024887100542775913 0.055059083608880496
0 0.45751840785732756 0.2506234633915919 0.02317383923494443 0.049721016532829475
0 0.44950859860429054 0.2053220292867265 0.026498233135177053 0.04309449976381672
0 0.4749511543034376 0.20661904959848845 0.02861479865598346 0.03165843741143127
0 0.4952737265443267 0.20655762683042042 0.02569370896872577 0.023939166745394425
0 0.3537868968725769 0.34151630420406237 0.024181578702507107 0.056901766650921115
0 0.3768106694236237 0.3405035427491733 0.036376581028689584 0.058190216343882856
0 0.3904042098733523 0.3110920358998583 0.03166407030240372 0.02976861596598961
0 0.41438153114499876 0.2972790552668871 0.03627341018350995 0.06783216249409542
0 0.3909127691910055 0.2765638696268304 0.028296949082450246 0.045115737364194615
0 0.3644624740242957 0.28592441379310346 0.030144645127940038 0.05953723193197922
0 0.3374629764797106 0.30940362399622107 0.02486208942879297 0.045729965044874823
0 0.28139326957870253 0.341679145961266 0.01982964486947532 0.027401696740670757
0 0.3026725169294392 0.3359339744922059 0.017652635823210132 0.02033093623051488
0 0.320205307831481 0.32830898063297115 0.021279247350736625 0.024969069437883795
0 0.5913028565520806 0.24239566934341045 0.04788273559059189 0.06152133018422296
0 0.47286897906435776 0.6127306792631082 0.021643992762987854 0.05745885687293339
0 0.5022518273455674 0.6581421029759092 0.020676896355647456 0.05237076617855456
0 0.5170625753424658 0.6285320434577231 0.012331521323339366 0.055909003306565896
0 0.5199044631687776 0.664660058573453 0.024062775911088137 0.03137989230042513
0 0.521657325407082 0.6886377931034483 0.015233852675109849 0.04220601228153047
0 0.538282421297493 0.6786915899858289 0.012212718531920394 0.04485576192725555
0 0.5548481157921944 0.6842167822390174 0.017288932540708193 0.05192795087387813
0 0.5436629371930732 0.6433377874350497 0.03313034685965366 0.030274282475200757
0 0.559624196433187 0.6338343996221067 0.03167970224864306 0.03513953708077468
0 0.7511468017575602 0.5754827699574869 0.0320725851641251 0.04710840623523854
0 0.797872773326441 0.5298427964100142 0.023505236495218403 0.04454864808691544
0 0.780897521840269 0.5612669702409069 0.03192043422072887 0.04640561549362305
0 0.7798105805117601 0.596665054322154 0.014072920134401656 0.04719839773264053
0 0.7943191108813646 0.5773083117619272 0.022780956319462396 0.05515336041568257
0 0.7885873972602742 0.6214598545111006 0.01712323391057121 0.043750152102031176
0 0.7726271801499097 0.6479759206424185 0.028148966658051177 0.044284387340576284
0 0.7991796040320496 0.6573907453944261 0.024086744895321793 0.03924914879546528
0 0.8065797673817524 0.6245095663675012 0.02060186301369863 0.04030762021728861
0 0.8184058557766867 0.6469160207841285 0.01900740449728612 0.05224363533301842
0 0.8266751553372966 0.607005505904582 0.03496762160765056 0.027047444496929616
0 0.838790955802533 0.6373697798771847 0.02495692323597829 0.04640561549362305
0 0.8532275792194365 0.6243767217760983 0.02074671904884983 0.05542333490788852
0 0.8651255745670716 0.6458561209258384 0.03090748410441975 0.052239350023618326
0 0.8742660945980875 0.6748919489844118 0.021036431119152234 0.05887158053849787
0 0.8792724859136729 0.7171879527633442 0.03540218971310417 0.027845940481813887
0 0.8076677508400104 0.7195748700991969 0.01958891289738951 0.02731170524326878
0 0.8349454970276559 0.7186449579593764 0.013494538123546137 0.039244863486065186
0 0.8552586901008015 0.7517932546055739 0.02597299974153528 0.05144513934813415
0 0.8197918883432411 0.5376177760982522 0.023879361075213237 0.06261265564478034
0 0.8237728239855261 0.5776697061880018 0.03204236340139571 0.03590517902692489
0 0.8380479172912898 0.5393019026924893 0.03385671129490825 0.03911201889466225
0 0.8699089501163092 0.5363164704770902 0.031555688808477644 0.057014613131790265
0 0.8875615859395194 0.5517864374114312 0.035184384595502716 0.057014613131790265
0 0.8645878356164384 0.588800083136514 0.03276768570690101 0.04353302975909305
0 0.8884671966916518 0.5965336381672177 0.015476668906694236 0.049276772791686345
0 0.911139771517188 0.6095709777987718 0.029625664512794005 0.02585755692017005
0 0.9186962543292841 0.6358656362777516 0.03240398242439907 0.030274282475200757
0 0.9055174815197725 0.6427164175720358 0.03288961488756785 0.04176605384978743
0 0.9542453843370381 0.608245388757676 0.04788065133109331 0.04441723193197922
0 0.9338707056086846 0.5654865715635333 0.015355781855776688 0.05966436277751535
0 0.9306067552339106 0.5918926480869154 0.038814122512277074 0.019665284837033538
0 0.9559982465753425 0.5442714331601323 0.029622538123546135 0.08087807274444969
0 0.9483198345825794 0.5331110590458195 0.014753430860687516 0.04441723193197922
0 0.9355037229258206 0.4851613037316958 0.03675591625743087 0.06916917902692489
0 0.914162989919876 0.5264831138403401 0.020674812096148874 0.03955054888993859
0 0.9258296324631689 0.5392990458195559 0.03240398242439907 0.041761768540387344
0 0.9046702300336005 0.5760941407652339 0.018376915998966143 0.032262666036844585
0 0.9578949227190491 0.7159837808219178 0.0318401902300336 0.05432629570146434
0 0.18301726337554927 0.5749628190836089 0.025290404755750843 0.02872442890883325
0 0.2675444073403981 -0.1566052035899858 0.02668373223055053 0.039701963155408596
0 0.1283356733005945 0.4979500954180444 0.03173910364435255 0.038120683986773735
0 0.16763230188679248 0.49647880585734533 0.028312581028689585 0.06573950307038262
0 0.17886854484362888 0.526218853094001 0.02720583923494443 0.0545062786962683
0 0.2089944316360817 0.5227220406235238 0.03324914965107263 0.0456685422768068
0 0.21745860945980874 0.566732168162494 0.027203754975445853 0.026887459612659422
0 0.24852970793486695 0.5798352158715162 0.028751317653140346 0.0324897874350496
0 0.11752045076247096 0.5856832347661786 0.017774565003876974 0.05347209069437884
0 0.14545161230292067 0.588113005196032 0.0359107490307573 0.049499608880491264
0 0.13063982217627296 0.5454656060462919 0.02829382269320238 0.04021762871988663
0 0.17531905091754976 0.6203213906471421 0.0188938123546136 0.032688340103920646
0 0.05285213130007757 0.6525469173358526 0.025021535280434222 0.04496003778932452
0 0.07871466528818818 0.65983765706188 0.019816097182734558 0.04695842040623524
0 0.09332532437322308 0.6299890486537553 0.025859407598862755 0.06429392536608408
0 0.09601193486689069 0.6976626547000472 0.03509997208581029 0.022862125649504014
0 0.10268677591108816 0.7183806972130374 0.027120384595502714 0.015805649504015116
0 0.1253583086068752 0.7064861067548418 0.01855824657534247 0.04665130656589513
0 0.12179005634530889 0.6651300141709966 0.028547060222279663 0.022862125649504014
0 0.14248779529594213 0.72137327161077 0.015029595244249162 0.056471807274444966
0 0.16117005531145004 0.7250572092583843 0.017128444559317654 0.07089758715162965
0 0.18211998966141124 0.7473808143599432 0.01318189919875937 0.027467404818138873
0 0.1998372375290773 0.7285083117619271 0.015869551822176274 0.04987243079829948
0 0.19933493098991992 0.7636492772791686 0.01570176893254071 0.023169239489844114
0 0.14899485345050403 0.7970246953235711 0.02065605376066167 0.04296594048181389
0 0.16268218557766867 0.8132174511100615 0.013267353838201086 0.032688340103920646
0 0.1670487092271905 0.7868999376476147 0.01041087619539933 0.034988122815304674
0 0.17666235616438358 0.8003258119981106 0.018389421555957613 0.04802974775625886
0 0.19366470302403724 0.806233825224374 0.017968401137244766 0.03897488899385923
0 0.18883755802532956 0.827256124704771 0.014525204445593179 0.0220979121398205
0 0.13184035564745417 0.7860143070382617 0.014624206771775655 0.03474671705243269
0 0.12118353683122256 0.828590284364667 0.02632732385629362 0.02978290033065659
0 0.148861460842595 0.8370594841757205 0.020353836133367796 0.03609373264052905
0 0.17830892116826055 0.8439831157298062 0.016430217627293874 0.035796617855455834
0 0.22450236443525462 0.7975775002361832 0.024425437063840788 0.034473885687293336
0 0.2067309258206255 0.8236550363722249 0.015476668906694236 0.02916867264997638
0 0.228312390798656 0.817908436466698 0.022853905401912643 0.021653668398677373
0 0.23889313414318947 0.8407805611714692 0.021279247350736625 0.018781082664147377
0 0.22008373429826833 0.8405605819555976 0.014135447919359008 0.028063062824752006
0 0.221776153011114 0.8572418630136985 0.011233116567588526 0.025630435521965044
0 0.23544576893254077 0.8655296513934814 0.013662321013181702 0.03071852621634388
0 0.2466840961488757 0.8647554388285309 0.011982407857327475 0.02872442890883325
0 0.25653951718790385 0.8480713008974965 0.009904401137244768 0.03071852621634388
0 0.27020183820108556 0.8544806953235711 0.012344026880330835 0.04397298819083609
0 0.22704307676402175 0.7615594747283893 0.00991482243473766 0.03889489655172414
0 0.2385231780821918 0.7643206424185167 0.011835467562677697 0.0369065129900803
0 0.24928420987335234 0.780451975436939 0.01739939829413285 0.032041258384506374
0 0.26627821969501164 0.7987930996693433 0.022367230808994575 0.016575576759565423
0 0.26404285138278627 0.8192354539442609 0.01886254846213492 0.021653668398677373
0 0.2871354044972862 0.8202296457250825 0.024907943137761696 0.02408629570146433
0 0.24590458309640736 0.806859480396788 0.013059970018092532 0.0220979121398205
0 0.23272581028689587 0.7092986981577705 0.015960217110364435 0.038229245158242796
0 0.2657946714913415 0.7449838979688238 0.01994844766089429 0.038450652810581014
0 0.29130183923494446 0.7613380670760511 0.026226237270612563 0.03181842229570146
0 0.27165352494184547 0.7669732489371752 0.01935651796329801 0.023202093528578178
0 0.1934093812354614 0.6682882871988663 0.02161793951925562 0.052239350023618326
0 0.18361648798139057 0.708463062824752 0.018284166451279404 0.03818067831837506
0 0.2360679203928664 0.6774374227680681 0.02945162884466271 0.03712363533301842
0 0.219351117084518 0.6527311856400567 0.024518186611527527 0.03207411242324043
0 0.22035781442233138 0.622806870099197 0.013602919617472215 0.03514382239017477
0 0.23375230808994577 0.6254137666509211 0.013183983458257949 0.02900297401983939
0 0.2327039255621608 0.5975935380255077 0.028917016283277332 0.027618819083608883
0 0.2641908338071854 0.5961222484648087 0.026800450762470923 0.044194395843174306
0 0.28242810441974675 0.6054213698630136 0.011287307314551565 0.04474720075578649
0 0.3030841581804084 0.6146276428908833 0.024787056086844148 0.024860508266414737
0 0.28635797570431637 0.6521940935285782 0.02377827448953218 0.039220580066131314
0 0.2931099343499613 0.6766874936230515 0.011687485138278626 0.04180033632498819
0 0.31809812147841826 0.6683068568729333 0.012292962522615664 0.041251816721776094
0 0.2943657006978548 0.7078059820500708 0.02691091651589558 0.050642358053849784
0 0.30706509382269326 0.7383730940009446 0.02569370896872577 0.022649288615965987
0 0.3108928363918325 0.7725327236655644 0.01682831119152236 0.04714268871043929
0 0.3312966947531662 0.7476736438356163 0.020556009304729905 0.03167272177609825
0 0.34001306797622133 0.7252114803967877 0.02489022693202378 0.02283355692017005
0 0.3540192918066684 0.7516346981577705 0.021261531144998708 0.03369824468587624
0 0.3402141990178341 0.7825703467170525 0.011186220728870511 0.040330475200755785
0 0.3626846006720083 0.7896611053377421 0.021863882140087876 0.0456685422768068
0 0.28770023882140094 0.565170887104393 0.0135174649780305 0.034373895134624466
0 0.29991712587231845 0.5655537080774682 0.021493926079090207 0.02869586017949929
0 0.26617713310933067 0.4966330769957487 0.026983865598345827 0.04324020028341993
0 0.2820623168777462 0.4665444912612187 0.03844937710002585 0.032881179026924896
0 0.3091222579477902 0.47118690977798766 0.024086744895321793 0.07239458856872932
0 0.3298710612561386 0.5053922494095417 0.022636100284311195 0.06125135569201701
0 0.34358236236753686 0.509768978743505 0.019586828637890928 0.0429573698630137
0 0.33618219901783414 0.45699825035427494 0.0230706683897648 0.03553664241851677
0 0.3470651599896614 0.5007512593292395 0.01755780201602481 0.035530928672649974
0 0.366290369604549 0.4901465470004724 0.03075950168002068 0.03818639206424185
0 0.35624944947014736 0.46058648275862074 0.015719485138278626 0.03557806707605101
0 0.35897045024554153 0.5530548889938592 0.030832450762470928 0.041081832782239015
0 0.34016834530886536 0.5654422900330657 0.017167003360041358 0.059225832782239016
0 0.3191287878004653 0.5645566594237128 0.018619732230550533 0.03756787907416155
0 0.32330043318687 0.5990305451110062 0.023334327216334973 0.02563472083136514
0 0.3090930783148101 0.6338343996221067 0.01668658154561902 0.02143083230987246
0 0.32995130524683386 0.62521521398205 0.020919712587231847 0.04485576192725555
0 0.3372660139570949 0.6404637732640529 0.022005611785991214 0.030712812470477087
0 0.33956286792452833 0.6759289938592347 0.014510614629103129 0.0486154067076051
0 0.3514129253036961 0.6842167822390174 0.016927313517704833 0.03292831743032593
0 0.35951444197467053 0.7161480510155882 0.012090789351253553 0.03580090316485592
0 0.37511304006203156 0.7222260481813887 0.021038515378650816 0.04176605384978743
0 0.3890171351770484 0.7506190798299479 0.02297479245283019 0.027841655172413795
0 0.37130301369863017 0.7564770977798773 0.018258113207547173 0.03734504298535664
0 0.39312729490824505 0.7776908077468115 0.011847973119669166 0.02673604534718942
0 0.4107205293357457 0.7666418516769011 0.020193348151977254 0.03866777515351913
0 0.42625764176789877 0.7670832385451111 0.012333605582837944 0.040439036372224846
0 0.36431657585939525 0.6826883552196504 0.0233603804600672 0.03606087860179499
0 0.38187229361592145 0.6903790571563533 0.01610507314551564 0.027577394426074632
0 0.38412120961488766 0.6605461615493624 0.02205459188420781 0.03527095323571091
0 0.35336275006461626 0.6276649825224374 0.02118337141380202 0.02466195559754369
0 0.3566996495218403 0.6508670760510157 0.021762795554406824 0.03446817194142655
0 0.34966110519514093 0.6117536287198867 0.02132822744895322 0.031025640056683984
0 0.3485022569139313 0.5844404950401512 0.02219944791935901 0.05383062824752008
0 0.3672897720341174 0.6041971998110534 0.02002348100284311 0.05568759565422768
0 0.3733862310674594 0.5898771242324042 0.02176800620315327 0.04242741993386868
0 0.38405034479193595 0.623023992442135 0.012623317653140348 0.037656442135096835
0 0.3978345949857845 0.6247481152574398 0.014365758593951927 0.03792213131790269
0 0.3863826311708452 0.5760298611242324 0.023678230033600416 0.04713697496457251
0 0.4115729914706643 0.6037458138875768 0.031737019384853966 0.03406678129428436
0 0.4232615187386922 0.634405774208786 0.03073136417678987 0.02688174586679263
0 0.4112217937451539 0.6531897137458668 0.03143688601705867 0.023202093528578178
0 0.4036621845438098 0.6684725555030703 0.02398044766089429 0.017681186584789798
0 0.4044187707417938 0.689097749645725 0.02549257792711295 0.021729375531412375
0 0.4233313414318946 0.699675321681625 0.02938701680020677 0.06813356258856872
0 0.42576679865598355 0.7254543145961264 0.024518186611527527 0.039286288143599433
0 0.44692620108555187 0.6948400642418516 0.03157132075471698 0.04128038545111006
0 0.4468001033858878 0.7240730165328294 0.01670742414060481 0.027010305148795464
0 0.45443266166968216 0.7796220538497874 0.02124589919875937 0.03468100897496457
0 0.47968346549496 0.7770794369390646 0.026117855776686485 0.025134768068020785
0 0.5066725417420522 0.8007843401039206 0.027162069785474283 0.03118562494095418
0 0.458964883949341 0.8108076787907417 0.017412945980873614 0.03595660273972603
0 0.47454785009046274 0.8340397694851204 0.01689083897647971 0.037864993859234766
0 0.32089311346601196 0.8095377987718468 0.01358207702248643 0.037864993859234766
0 0.30861786714913414 0.8569490335380253 0.02315820728870509 0.03532380538497874
0 0.20232167485138283 0.9212258176665092 0.01915226053243732 0.019409594709494566
0 0.2305279586456449 0.9240884043457721 0.021938915482036705 0.04359445252716108
0 0.24567635668131305 0.8970438167217761 0.0278571703282502 0.0213222711384034
0 0.2507254753166193 0.9355458932451581 0.0222869868182993 0.020680903164855928
0 0.27675475006461625 0.9131137269721303 0.022111909020418714 0.02227646669815777
0 0.26831141483587495 0.9374571412376004 0.01358207702248643 0.03341112895606991
0 0.28145683949340916 0.9368186301369862 0.015148398035668132 0.0365936854038734
0 0.29172911243215305 0.9587751270666036 0.015843498578444044 0.04168606140765234
0 0.29486279658826575 0.9018162229570147 0.021764879813905406 0.03468529428436467
0 0.31993539622641515 0.899907831837506 0.014799284569656243 0.03850207652338214
0 0.38744351925562165 0.9431680302314596 0.027278788317394678 0.030227144071799713
0 0.3424662414060481 0.8337812224846479 0.01915226053243732 0.052767871516296645
0 0.3495027014732489 0.8478370373169579 0.019878624967691914 0.04110468776570619
0 0.36219792607909024 0.8372294681152576 0.00957613026621866 0.025191905526688707
0 0.3918704864306023 0.8251663221539915 0.022778872059963814 0.04189461313179027
0 0.3918704864306023 0.8427989418989135 0.02045700697854743 0.04004193103448276
0 0.4001408281209616 0.8474385035427493 0.01755780201602481 0.02916867264997638
0 0.3730808870509176 0.8372294681152576 0.014799284569656243 0.03367538970240907
0 0.3778694732489016 0.8105819858290033 0.02002348100284311 0.027577394426074632
0 0.37715561437063844 0.7937107227208313 0.01970771568880848 0.0265146376948512
0 0.4146972964590334 0.8023299083608881 0.02829382269320238 0.03137417855455834
0 0.42213393434996127 0.8333755465281057 0.02212754096665805 0.028507306565895132
0 0.42679017006978553 0.8612186301369863 0.01886254846213492 0.04795404062352385
0 0.43972612664771266 0.8305029607935758 0.014266756267769451 0.049716731223429386
0 0.4457725634530887 0.8790083778932452 0.014993120703024039 0.04021762871988663
0 0.4688057151718791 0.8983422654700048 0.022853905401912643 0.041323238545111
0 0.45085086172137506 0.8697263977326404 0.022005611785991214 0.02254072744449693
0 0.45605108917032827 0.8445359206424186 0.01740981959162574 0.032706909777987715
0 0.46313548720599645 0.7510404685876241 0.02261004704057896 0.030712812470477087
0 0.47178203773584915 0.729606779404818 0.019583702248643062 0.04618277940481814
0 0.48054634892737147 0.7417599168634862 0.017288932540708193 0.04220601228153047
0 0.49511740708193336 0.7405443174303258 0.020795699147066426 0.03181842229570146
0 0.497227719824244 0.754244451582428 0.02358964900491083 0.03403392725555031
0 0.5133744781597313 0.7576698422295701 0.012574337554923754 0.038672060462919225
0 0.48296617420522103 0.6880621332073689 0.026479474799689845 0.037785001417099666
0 0.5097468245024555 0.7205462068965516 0.025634307573016282 0.0338068058573453
0 0.5388264130266219 0.7356833481341519 0.02817293564228483 0.024751947094945676
0 0.5308468255363142 0.7619794350495985 0.020193348151977254 0.03623943316013226
0 0.5460212768157147 0.7633050240906945 0.012093915740501423 0.03844636750118092
0 0.5457315647454123 0.8231465129900803 0.021160444559317655 0.03778928672649976
0 0.5418016934608427 0.7905538781294283 0.01982964486947532 0.028285898913556918
0 0.5580641281985008 0.7817104279641003 0.0146294174205221 0.04242741993386868
0 0.5850271512018609 0.8317642701936702 0.009796019643318688 0.025853271610769956
0 0.5791641292323598 0.7404986074633915 0.020556009304729905 0.05237076617855456
0 0.5944584254329284 0.7506647897968823 0.018258113207547173 0.034695293339631554
0 0.5746277384337038 0.7873484666981577 0.01874166141121737 0.04441723193197922
0 0.6045431150168004 0.7149110250354276 0.025150759369346087 0.041761768540387344
0 0.6137326151460327 0.7314837449220595 0.02756745825794779 0.05325496835144072
0 0.6497069340914965 0.7455438450637695 0.023156123029206516 0.0397776702881436
0 0.6524915047815973 0.7980503127066605 0.019328380460067202 0.039773384978743505
0 0.7233636226415094 0.7531816948512045 0.028398035668131302 0.025777564478034955
0 0.7244099209097957 0.7791178157770429 0.0339671770483329 0.026093248937175247
0 0.39492809511501686 0.5532120170051961 0.030832450762470928 0.034803854511100615
0 0.3783019570948566 0.513531480396788 0.013300701990178342 0.03793641568256967
0 0.38691828586197985 0.48065887198866314 0.013602919617472215 0.06537096646197449
0 0.3971947273197209 0.4795561190363722 0.015417267510984751 0.05579615682569674
0 0.3974469227190489 0.5193323608880491 0.015719485138278626 0.02670319130845536
0 0.4119054308606876 0.5182267510628247 0.0198504874644611 0.043641590930562114
0 0.4291860263634014 0.502575372697213 0.013501833031791161 0.05321640056683987
0 0.4199663044714397 0.5429015625885687 0.018438401654174208 0.03369824468587624
0 0.42364502248643066 0.5717216967406706 0.013704006203153271 0.032041258384506374
0 0.43759913982941334 0.5887558016060463 0.020454922719048852 0.053590650921114785
0 0.44404783871801506 0.5516493075106282 0.027909276815714656 0.0456685422768068
0 0.4486332096148876 0.5266059593764761 0.025995926596019642 0.05413774208786018
0 0.45346869165158965 0.46814005479452053 0.02357714344791936 0.052847863958431746
0 0.4556363215301112 0.5084648162494094 0.014812832256397002 0.03775214737836561
0 0.46943933005944694 0.5247647047709022 0.015213010080124064 0.05229505904581955
0 0.4715058733522875 0.4871968256967407 0.0177328798139054 0.04235742654700047
0 0.41457640940811585 0.4662045233821445 0.020556009304729905 0.05561188852149268
0 0.3928104874644611 0.4383071591875295 0.032444625484621355 0.026334654700047238
0 0.38374500077539425 0.4068101350968351 0.033254360299819076 0.03626371658006613
0 0.3984025556991471 0.37864279641001414 0.03073136417678987 0.07495006140765234
0 0.4199162822434738 0.38803333774208787 0.02337809666580512 0.06463389324515824
0 0.4276249159989662 0.4108697515351913 0.03073136417678987 0.0845248710439301
0 0.45482867097441204 0.4092113367973547 0.03053023313517705 0.05948009447331129
0 0.46938930783148103 0.4189704147378365 0.02337809666580512 0.041067548417572035
0 0.4513521261307832 0.37698723854511096 0.03849106228999742 0.03627800094473311
0 0.4832444228482813 0.3632671062824752 0.023075879038511243 0.08434060273972602
0 0.4956874520547946 0.3701707397260274 0.021764879813905406 0.08047239678790741
0 0.49095097234427504 0.44162113179026924 0.016122789351253556 0.061322777515351916
0 0.5049571961747222 0.4452136495040151 0.034458020160248126 0.034251049598488424
0 0.5128169387438615 0.477990552668871 0.025593664512794007 0.041251816721776094
0 0.466618284828121 0.4535900009447331 0.03093562160765056 0.03148845347189419
0 0.48923875316619286 0.49612883892300425 0.01470966141121737 0.04622134718941898
0 0.5053104781597312 0.5063493018422296 0.01582057172395968 0.06223840529050543
0 0.5328675151201863 0.5026667926310817 0.03002584233652107 0.037199342465753425
0 0.5398706270354097 0.5243033197921586 0.03335232049625226 0.041067548417572035
0 0.539921691393125 0.5580029929145016 0.03647662548462135 0.03222552668871044
0 0.5061150023261826 0.5734701029759093 0.03093353734815198 0.041431799716580064
0 0.5485859581287156 0.5835048691544639 0.03345028069268545 0.027993069437883798
0 0.5496947841819592 0.6063398545111005 0.029020187128456967 0.02430770335380255
0 0.5757928394934091 0.590872744449693 0.02398044766089429 0.061507045819555975
0 0.5721141214784183 0.5178582144544166 0.015213010080124064 0.06205413698630137
0 0.5775550808994573 0.48765821067548415 0.03496553734815198 0.05247932735002362
0 0.5379051703282504 0.47651640623523855 0.031033581804083745 0.022102197449220595
0 0.5464704347376584 0.46408615210203114 0.023982531920392867 0.038856328767123284
0 0.5521635895580255 0.42965083419933864 0.03677988524166451 0.03369824468587624
0 0.5126147655724994 0.3921758034955125 0.018338357198242443 0.060032899385923474
0 0.5229433135177048 0.3456801965044875 0.03476127991729129 0.04474720075578649
0 0.5292909258206255 0.39061166556447807 0.021258404755750842 0.05027382144544166
0 0.5450093688291548 0.36392133018422296 0.039797892995606106 0.05581472649976381
0 0.5766036164383563 0.3111006065186585 0.04033563194623935 0.07079759659896079
0 0.5937987573016285 0.3665210845536136 0.025683287671232877 0.06125135569201701
0 0.6194070116309124 0.4284395200755786 0.01828104006203153 0.05887158053849787
0 0.6033019384853967 0.49526320642418514 0.025538431636081677 0.05833734529995276
0 0.6101581101059707 0.5260588682097307 0.03862966554665288 0.03854064430798299
0 0.6149112638924789 0.5564817080774681 0.03173910364435255 0.039744816249409544
0 0.6204512256397002 0.5743600188946623 0.03980101938485397 0.04327876806802078
0 0.5918197529077281 0.6158703826169106 0.029557926079090205 0.02869586017949929
0 0.6117525686223831 0.619148644307983 0.02720583923494443 0.049735300897496455
0 0.6526353186869992 0.5233448389230042 0.015815361075213235 0.05064664336324988
0 0.6759873621090721 0.5568902409069438 0.029730919617472217 0.048261154463863955
0 0.6949874716981133 0.4921877827113841 0.01378425019384854 0.07000481435994332
0 0.7094313900232618 0.5156541369863014 0.028740896355647454 0.06655656872933395
0 0.7087133626260016 0.4697813282947567 0.01276817368829155 0.06656085403873406
0 0.666275754975446 0.4852912914501653 0.014360547945205481 0.0662923079829948
0 0.6815085655208064 0.49444328389230047 0.01726808994572241 0.047996893717524795
0 0.6822255507883175 0.45612547567312234 0.0341120330834841 0.03712363533301842
0 0.6899112576893256 0.4124967406707605 0.019293990178340655 0.061271353802550776
0 0.6991226425432928 0.387313405762872 0.03221223055052985 0.02625466225791214
0 0.7211907821142415 0.3637113500236183 0.02843867872835358 0.06549381199811054
0 0.720234107004394 0.4144922664147378 0.020168337037994314 0.037656442135096835
0 0.750277665546653 0.43385043741143126 0.017568223313517706 0.06682082947567312
0 0.7383786280692687 0.40826285498346715 0.02076235099508917 0.05436057817666509
0 0.7366445241664513 0.356287765706188 0.03177870457482554 0.05383062824752008
0 0.7630375021969501 0.38333378176665095 0.0253914913414319 0.06072283419933868
0 0.684482803825278 0.35655202645252715 0.04091714034634272 0.03208268304204062
0 0.6441315399327993 0.34554592347661783 0.04323900542775912 0.04719839773264053
0 0.6166516205737916 0.2665262465753425 0.030614645644869477 0.09016005290505431
0 0.6657588586197984 0.26095677279168633 0.05657305556991471 0.053032132262635805
0 0.6566172964590334 0.30444552102031175 0.04322545774101835 0.057808823807274444
0 0.6844098547428278 0.32141820311761926 0.03206529025588008 0.054624838923004244
0 0.7077556453864049 0.30868940576287196 0.03235708658568106 0.06735506471421823
0 0.6796077208581028 0.21388836277751533 0.05295894959937969 0.07610709494567784
0 0.7269152008270872 0.23218520547945204 0.042209381235461356 0.06761932546055739
0 0.7524515482036703 0.171989464336325 0.05004098630136986 0.07716556636750117
0 0.805854445076247 0.18180282286254132 0.03758128301886792 0.09890922626358054
0 0.7704449604548981 0.23259088143599432 0.04688020677177565 0.0424131355692017
0 0.7692611010597055 0.2760724874822863 0.03869219333161024 0.05340066887104393
0 0.7402419560609977 0.311519138403401 0.018338357198242443 0.06684511289560699
0 0.7613013140346343 0.34135203401039205 0.029018102868958392 0.036646537553141234
0 0.7745519937968468 0.33527403684459134 0.022068139570948567 0.025229044874822863
0 0.7846262620832256 0.36547546905999057 0.033755624709227196 0.028171623996221067
0 0.7861894567071595 0.39853091733585266 0.022168184026880332 0.048246870099196974
0 0.8111265794779013 0.43591738497874355 0.04866850142155596 0.07806833821445441
0 0.8507254256913932 0.3954912045347189 0.03899441095890411 0.06426535663675012
0 0.8796955905918842 0.4453050694378838 0.03728114965107263 0.06592377137458667
0 0.860399516154045 0.4936447879074162 0.02287162160765056 0.07016051393481341
0 0.892843099508917 0.4878424789796883 0.03194127681571466 0.06371255172413792
0 0.864560740242957 0.3299531110061408 0.04695524011372448 0.06776502598016061
0 0.8118123008529338 0.26550348606518653 0.043830935125355394 0.048246870099196974
0 0.8287906787283538 0.2129270250354275 0.03345028069268545 0.06315974681152574
0 0.866272959421039 0.22185903826169107 0.025190360299819074 0.06666512990080302
0 0.8289918097699664 0.14819885498346713 0.04191758490566038 0.08507767595654228
