0 0.741080025 0.40237347593582895 0.042932925 0.023832641711229948
0 0.39418942500000004 0.27902589946524065 0.049015575 0.04039618395721925
0 0.378870975 0.2848762524064172 0.0512757 0.04238559144385027
0 0.351299025 0.27030642994652404 0.047724075 0.03620031657754011
0 0.343559475 0.29226609625668454 0.058046625 0.03950497540106952
0 0.42967574999999997 0.3147935486631016 0.051573375000000005 0.03908380748663102
0 0.42305445 0.3051843080213904 0.03515085 0.037968359358288774
0 0.493030125 0.3100399572192513 0.055791225 0.0414972577540107
0 0.460950525 0.31235853689839577 0.045786824999999996 0.05099150374331551
0 0.553462875 0.31502066310160437 0.06930157499999999 0.024991212834224598
0 0.5193216 0.3221948919786097 0.055104524999999994 0.02776833368983957
0 0.5255743500000001 0.3433654074866311 0.066932775 0.032164004278074865
0 0.5659731 0.3429039914438503 0.045635625 0.05021385240641711
0 0.5933529000000001 0.328095555080214 0.04834305 0.04835956363636364
0 0.6231015 0.34255900748663104 0.049015575 0.04211391657754011
0 0.647950275 0.3283269818181818 0.067610025 0.03725108021390375
0 0.6543684000000001 0.34417755721925136 0.071667225 0.03378542887700535
0 0.7015302 0.33584763208556156 0.070656075 0.029155456684491977
0 0.708288525 0.3538946053475936 0.06456712499999999 0.031005433155080215
0 0.732124575 0.36870447914438503 0.034479899999999994 0.018976992513368984
0 0.7557858000000001 0.376910785026738 0.087896025 0.034955499465240646
0 0.8076757499999999 0.3751815529411765 0.04158315 0.03193257754010695
0 0.8195103 0.3640759443850268 0.07606305 0.04951813475935829
0 0.80987445 0.3946213989304813 0.0736974 0.029618310160427805
0 0.81883305 0.4175283336898396 0.079438275 0.026378335828877005
0 0.870217425 0.3814300748663102 0.046312874999999996 0.04442818395721926
0 0.880864425 0.35609244064171125 0.05138595 0.025219764705882355
0 0.87207435 0.4171804748663102 0.041244525 0.037718245989304816
0 0.88306155 0.4355767443850268 0.052395525 0.029155456684491977
0 0.8404688250000001 0.4437888000000001 0.06930157499999999 0.03909818181818182
0 0.877314375 0.45015375401069524 0.07876575 0.023601214973262032
0 0.8710616250000001 0.4729471315508022 0.04867695 0.04003251336898396
0 0.9001314 0.4702850053475937 0.06220305 0.02545406631016043
0 0.8970932250000001 0.46380649411764713 0.035155575 0.04118677219251337
0 0.8913428999999999 0.49677977326203204 0.04191705 0.044196757219251336
0 0.9058801500000001 0.49689764278074866 0.05138595 0.041651063101604276
0 0.8886370499999999 0.528943777540107 0.0534114 0.03633112299465241
0 0.9182187 0.5301009112299465 0.046312874999999996 0.04789958502673797
0 0.85449735 0.5115882096256684 0.052734149999999994 0.03633112299465241
0 0.827957025 0.4918019422459893 0.07538579999999999 0.031939764705882355
0 0.805311675 0.46901143957219255 0.07470855 0.029849736898395724
0 0.791788725 0.44413809625668454 0.06253695 0.04488816256684492
0 0.757982925 0.4211161668449198 0.0672714 0.046509587165775405
0 0.7449686999999999 0.44598951016042787 0.045301725 0.0384096513368984
0 0.697473 0.41313122566844923 0.063218925 0.03933679572192514
0 0.696627225 0.3809686588235294 0.06220305 0.04535101604278075
0 0.66654315 0.36291881069518717 0.06084855 0.025914044919786095
0 0.6689025000000001 0.381892928342246 0.05679764999999999 0.03979964919786096
0 0.628848675 0.37425872085561507 0.06794865 0.03609682139037433
0 0.6001143750000001 0.35759743315508025 0.062541675 0.021754113368983957
0 0.585747225 0.38432506524064175 0.039890024999999996 0.046509587165775405
0 0.5499159750000001 0.38027437860962576 0.0561141 0.035172551871657756
0 0.5385901500000001 0.360835970053476 0.063889875 0.028231187165775405
0 0.5269257 0.37472013689839573 0.061521074999999995 0.036563987165775406
0 0.48636157500000005 0.39427066524064175 0.067610025 0.02198266524064171
0 0.49210875 0.3685880470588236 0.052063200000000004 0.045119589304812836
0 0.46624725 0.3769179721925134 0.057807225 0.02336835080213904
0 0.4488372 0.3372333176470589 0.06287557499999999 0.034709698395721925
0 0.3771684 0.3057650310160428 0.06084855 0.03054545454545455
0 0.427538475 0.35516817112299465 0.067610025 0.03077688128342246
0 0.399144375 0.3350354823529412 0.055436849999999996 0.037715371122994654
0 0.37277572500000006 0.3256648556149733 0.0493542 0.03701965347593583
0 0.366352875 0.33815902459893055 0.042594299999999995 0.03193257754010695
0 0.37210162500000005 0.3536631786096257 0.06896295 0.01619555935828877
0 0.3952572750000001 0.3597952684491979 0.03481695 0.024295495187165776
0 0.44207730000000006 0.38524933475935835 0.0479997 0.03910536898395722
0 0.41300437500000003 0.37830940748663106 0.038541825 0.03725826737967915
0 0.38393145000000006 0.37576083850267383 0.0507087 0.040955345454545454
0 0.362972925 0.37009160213903747 0.028395675 0.019896949732620323
0 0.36787432500000006 0.3908021390374332 0.045635625 0.037718245989304816
0 0.35215582500000003 0.3808522267379679 0.037864575 0.03586395721925134
0 0.329674275 0.3743722780748664 0.03617145 0.04234246844919786
0 0.31936432500000006 0.3921892620320856 0.0412398 0.040955345454545454
0 0.34404142500000007 0.3283269818181818 0.029750174999999997 0.034478271657754016
0 0.309731625 0.3106264299465241 0.0368487 0.037022528342245994
0 0.328659975 0.30669073796791446 0.029406825 0.04211391657754011
0 0.31260285000000004 0.3400104385026739 0.044624475 0.03887394224598931
0 0.32984595 0.3349219251336899 0.026370225 0.03239543101604279
0 0.26815005000000003 0.305303614973262 0.055104524999999994 0.01712270374331551
0 0.3026913750000001 0.2875355037433156 0.0743022 0.02225002780748663
0 0.25344427500000005 0.28340288342245995 0.06877552499999999 0.04259114438502674
0 0.24348397500000005 0.3315439572192514 0.054332775 0.03912980534759358
0 0.27808200000000005 0.3331481326203209 0.039011174999999995 0.04926945882352941
0 0.2941029 0.32504388449197863 0.038541825 0.040687982887700536
0 0.193795875 0.295481634224599 0.058979025 0.029878485561497328
0 0.22860022500000002 0.30024960000000006 0.036733725 0.04322936470588235
0 0.20633445 0.31835119572192516 0.0617652 0.036901783957219256
0 0.22352085000000008 0.33631048556149734 0.0506142 0.043578660962566844
0 0.2002959 0.33567657754010705 0.048760424999999996 0.03912980534759358
0 0.16846515000000004 0.3205763422459893 0.047412225 0.019104924064171126
0 0.16732800000000003 0.36175736470588243 0.052479000000000005 0.021932355080213906
0 0.13365765000000002 0.3353574673796792 0.048297375000000003 0.04230653262032086
0 0.10672357500000001 0.3124864684491979 0.028791 0.036552487700534764
0 0.11671065000000004 0.35317445133689845 0.0506205 0.035918579679144386
0 0.19867050000000003 0.35603494331550806 0.058509675000000004 0.027654776470588234
0 0.27947587500000004 0.3736765604278075 0.050151150000000005 0.04068510802139037
0 0.27436657500000006 0.34840504812834233 0.039004874999999994 0.019390973262032086
0 0.25857720000000006 0.3571460791443851 0.029718675 0.040687982887700536
0 0.23837625000000007 0.3655708748663102 0.045046575 0.030199033155080216
0 0.22188915 0.3778077433155081 0.057583575000000005 0.028606357219251335
0 0.18961582500000004 0.37526636149732623 0.0329742 0.03496556149732621
0 0.18148882500000005 0.3789217540106952 0.075229875 0.023839828877005347
0 0.14503860000000005 0.3798733347593583 0.052474275 0.018755627807486634
0 0.12321067500000003 0.3817822459893048 0.0329742 0.017483499465240644
0 0.13992930000000006 0.3954507978609626 0.026474175000000003 0.01811740748663102
0 0.16753590000000004 0.3906655828877006 0.058563225 0.018784376470588237
0 0.14666400000000004 0.4121365219251337 0.03250485 0.024791409625668448
0 0.15943410000000002 0.4353424427807487 0.041328 0.025429629946524063
0 0.16593412500000004 0.45727479786096265 0.03668175 0.02034542887700535
0 0.18288427500000004 0.42342324705882356 0.057583575000000005 0.03274185240641711
0 0.19890517500000005 0.4270772021390375 0.0496881 0.03623481497326204
0 0.19611900000000002 0.40927890481283424 0.041332724999999994 0.025429629946524063
0 0.23094697500000003 0.42071943529411765 0.044114175 0.025429629946524063
0 0.2385873 0.39290797860962573 0.060417 0.03909818181818182
0 0.19867365000000003 0.39433678716577547 0.048297375000000003 0.021614682352941176
0 0.282027375 0.39433678716577547 0.0691929 0.02225002780748663
0 0.26647267500000005 0.4084811294117648 0.06780217499999999 0.01875275294117647
0 0.27250965 0.4353424427807487 0.039011174999999995 0.038777634224598935
0 0.2564887500000001 0.44646673796791453 0.03668805 0.03814660106951872
0 0.23814472500000006 0.45441430588235293 0.047364975 0.03560090695187166
0 0.21399997500000004 0.4444011465240642 0.0464373 0.02129413475935829
0 0.22351770000000007 0.4598190545454545 0.0515466 0.01907330053475936
0 0.175220325 0.4752340877005348 0.068265225 0.020663101604278075
0 0.30385530000000005 0.4299376941176471 0.057120525 0.040054074866310165
0 0.295030575 0.44599094759358293 0.04783275 0.032103632085561495
0 0.33357555000000005 0.41484033368983964 0.030181725 0.03909818181818182
0 0.3521511 0.41515944385026743 0.0348327 0.04163956363636364
0 0.37444207500000004 0.4211981005347594 0.032969475 0.03719070802139038
0 0.3969661500000001 0.4194501818181819 0.031578749999999996 0.04132332834224599
0 0.41275237500000006 0.4184942887700535 0.044578799999999995 0.04958713155080214
0 0.43504335 0.4205598802139038 0.04272345 0.04100565561497326
0 0.44920732500000005 0.4138858780748664 0.03668805 0.03782461604278075
0 0.463136625 0.41213795935828884 0.047828025 0.0451368385026738
0 0.4919292 0.41197840427807486 0.034827975 0.04418525775401069
0 0.515590425 0.40991281283422465 0.054380025 0.040054074866310165
0 0.5509035 0.39544936042780754 0.0691929 0.04291312941176471
0 0.5355803250000001 0.4169059251336899 0.040400325 0.03560090695187166
0 0.5288456250000001 0.4359777882352942 0.054797399999999996 0.044502930481283426
0 0.5067657000000001 0.428968864171123 0.0293013 0.026734819251336903
0 0.490535325 0.4385206074866311 0.04783275 0.030516705882352942
0 0.45918967499999996 0.4413825368983958 0.048297375000000003 0.044502930481283426
0 0.49538790000000005 0.4590241540106953 0.06413084999999999 0.04418525775401069
0 0.43898872499999997 0.4499654502673798 0.041332724999999994 0.04322936470588235
0 0.422478 0.4738038417112299 0.043698375 0.04386471016042781
0 0.41182470000000004 0.4523487144385027 0.03250485 0.04164387593582888
0 0.389533725 0.45647989732620325 0.044578799999999995 0.036552487700534764
0 0.35006107500000005 0.45059935828877007 0.058509675000000004 0.04068510802139037
0 0.31221225 0.4663335016042782 0.04783275 0.04164387593582888
0 0.27529582500000005 0.4668092919786097 0.052937325 0.02352215614973262
0 0.28873845000000004 0.4771415614973262 0.053916975 0.03909386951871658
0 0.24046785000000004 0.47587087058823535 0.052937325 0.039732089839572195
0 0.201900825 0.4944655058823529 0.04834305 0.034327341176470585
0 0.17659057500000003 0.4952589689839573 0.04230765 0.025747302673796792
0 0.19748925 0.5222784 0.06924015 0.024478049197860962
0 0.187760475 0.5360892577540107 0.032969475 0.03117936256684492
0 0.2420901 0.5310179935828877 0.057120525 0.026063537967914437
0 0.23930392500000006 0.5464359016042781 0.0515466 0.028926904812834227
0 0.255794175 0.5143322695187167 0.054797399999999996 0.03337576042780749
0 0.24139552500000006 0.5144903871657754 0.026937225 0.01653048128342246
0 0.28318972500000006 0.5194179080213903 0.048297375000000003 0.0340139807486631
0 0.26949195000000004 0.5321305668449199 0.0339003 0.035283234224598926
0 0.2880675 0.5443688727272729 0.043188075 0.040054074866310165
0 0.29479905 0.4947831786096257 0.054797399999999996 0.02924457754010695
0 0.26252572500000004 0.4881091764705883 0.038541825 0.033693433155080214
0 0.324287775 0.49891436149732626 0.03668175 0.037508380748663105
0 0.3379761 0.48079695401069517 0.034432649999999995 0.033693433155080214
0 0.35470575000000004 0.4946236235294118 0.033432525 0.04037031016042781
0 0.3944115 0.4881077390374332 0.0608328 0.04004976256684492
0 0.380710575 0.5074972748663101 0.044578799999999995 0.03687016042780749
0 0.366778125 0.5267301304812835 0.048297375000000003 0.03909818181818182
0 0.3358971 0.5222784 0.058046625 0.03401110588235295
0 0.33798555 0.5380125433155081 0.051078825 0.013350879144385026
0 0.32475240000000005 0.5521568855614973 0.06454665 0.03401110588235295
0 0.42552247499999996 0.5063861390374332 0.062692875 0.03274185240641711
0 0.41344695000000004 0.5224365176470588 0.044114175 0.03687303529411765
0 0.45895972500000004 0.49637154224598934 0.040400325 0.04322936470588235
0 0.481249125 0.49287570481283427 0.042260400000000004 0.04259114438502674
0 0.49518157500000004 0.48445090909090915 0.043188075 0.02828868449197861
0 0.6012987750000001 0.41596296898395724 0.0354942 0.04531508021390374
0 0.632004975 0.4180846203208557 0.0704277 0.019861013903743317
0 0.6648216750000001 0.40497235508021395 0.044229149999999995 0.024488111229946524
0 0.673695225 0.43293042994652414 0.034931925 0.03528754652406418
0 0.6951057749999999 0.4465256727272727 0.05296409999999999 0.032780663101604275
0 0.7151082750000001 0.45269513582887705 0.0507087 0.04203917005347594
0 0.72524655 0.4748704171122995 0.0354942 0.045119589304812836
0 0.7649680500000001 0.46465170481283435 0.051270974999999996 0.035483037433155076
0 0.7407540000000001 0.483874498395722 0.057385125 0.02110151871657754
0 0.784118475 0.48470677219251346 0.0554274 0.02678081711229947
0 0.800095275 0.5051844449197861 0.06749505 0.030017916577540108
0 0.809387775 0.5291780791443851 0.052817625 0.032260312299465244
0 0.78216075 0.5177979208556149 0.031624425 0.03248455187165776
0 0.7675715249999999 0.503854819251337 0.0353745 0.018637758288770054
0 0.7459704 0.5075317732620321 0.053151525 0.02779708235294118
0 0.74654055 0.5280640684491978 0.050051925000000004 0.01708389304812834
0 0.7158894750000001 0.5276730866310161 0.0503748 0.041747371122994655
0 0.681085125 0.5060310930481284 0.0577143 0.019861013903743317
0 0.6849989999999999 0.5227685647058825 0.065864925 0.018969805347593585
0 0.681494625 0.535485535828877 0.056572424999999996 0.02297736898395722
0 0.773439975 0.5370465882352942 0.047765024999999996 0.027682087700534763
0 0.7299936 0.5513303614973263 0.0534681 0.0357216513368984
0 0.76545315 0.5535612577540108 0.056240099999999994 0.03525161069518717
0 0.8138686500000001 0.5642744470588236 0.044833950000000004 0.043729591443850274
0 0.853557075 0.55578784171123 0.06910469999999999 0.0317112128342246
0 0.8437968 0.5375554395721925 0.0616455 0.027115739037433154
0 0.8702757000000001 0.5795126759358289 0.05787495 0.040955345454545454
0 0.844601625 0.5834124320855615 0.05607787499999999 0.03759750160427808
0 0.833028525 0.5970321112299466 0.05249474999999999 0.034256906951871655
0 0.7974855 0.5894999614973262 0.05543212499999999 0.035040308021390375
0 0.8669256750000001 0.6249255016042781 0.062948025 0.036502177540106956
0 0.9077733 0.6036155550802139 0.04906755 0.024884842780748664
0 0.9107878500000001 0.6217430245989306 0.042057225000000004 0.02721635935828877
0 0.901251225 0.5599779593582889 0.040921650000000004 0.036032136898395725
0 0.9048375 0.5763819465240642 0.029510775 0.027130113368983955
0 0.9431478 0.5889911101604278 0.024943275 0.020207435294117646
0 0.9292122 0.5675172962566845 0.024781050000000002 0.03526167272727273
0 0.9341010000000001 0.6080730352941177 0.030973949999999997 0.025094708021390376
0 0.93400965 0.6298846459893049 0.031488975 0.03792092406417113
0 0.8794894500000001 0.6469556021390376 0.06194789999999999 0.028791786096256683
0 0.9155979000000001 0.6531006288770054 0.043531425 0.030142973262032087
0 0.9288042750000001 0.6554436449197861 0.032443425 0.031479786096256686
0 0.942415425 0.666602438502674 0.029666699999999997 0.030138660962566847
0 0.9435588749999999 0.6898126716577541 0.029671425 0.037708183957219255
0 0.9220380749999999 0.6726842181818183 0.028693350000000003 0.03471688556149733
0 0.8882102249999999 0.6801603080213905 0.06016185 0.02735147807486631
0 0.8720696250000001 0.6634832085561498 0.061462800000000005 0.025889608556149732
0 0.9210584250000001 0.7044917390374331 0.034890975 0.018859122994652408
0 0.92154825 0.6931662032085562 0.034890975 0.019636774331550803
0 0.8837262 0.6965686074866311 0.059338125 0.030912000000000002
0 0.921304125 0.7276473497326204 0.035380800000000004 0.0446351743315508
0 0.9440455499999999 0.7160357647058824 0.036187199999999996 0.03349075508021391
0 0.949587975 0.738248419251337 0.034884675 0.03235949518716578
0 0.9039413249999999 0.7479510930481283 0.033583725 0.04554075721925134
0 0.8793272249999999 0.7316649754010696 0.046624725 0.042181475935828876
0 0.8413398 0.7052737026737967 0.056411775000000004 0.02243114438502674
0 0.836695125 0.6853537540106953 0.06244245 0.03526167272727273
0 0.839202525 0.6646992770053476 0.03750075 0.04062042352941177
0 0.556770375 0.4439814160427808 0.061343100000000005 0.03687303529411765
0 0.61143705 0.47366153582887704 0.06794865 0.02753690695187166
0 0.628848675 0.4627859165775402 0.050031450000000005 0.040495366844919785
0 0.6552126 0.4596638117647059 0.04867695 0.037022528342245994
0 0.682089975 0.4764386566844921 0.048338324999999994 0.038645390374331554
0 0.639325575 0.4361747165775402 0.054088649999999995 0.03170115080213904
0 0.59149125 0.4419618224598931 0.047661075 0.044655298395721923
0 0.5544756000000001 0.4624394951871658 0.07909965000000001 0.02082696898395722
0 0.5250672 0.47632366203208554 0.057468599999999995 0.033322575401069525
0 0.561066975 0.4818779037433156 0.055104524999999994 0.032859721925133686
0 0.5544756000000001 0.49217280000000013 0.056120399999999994 0.02614978395721925
0 0.518642775 0.49992343957219254 0.05476589999999999 0.022676945454545454
0 0.60247845 0.4891642524064172 0.050031450000000005 0.028924029946524068
0 0.6503143499999999 0.4814136128342246 0.050370075 0.025914044919786095
0 0.6405099750000001 0.5030484192513369 0.044281125 0.030309715508021393
0 0.617691375 0.5205189818181819 0.04867695 0.030078288770053477
0 0.590812425 0.5111354181818183 0.0388647 0.04144407272727273
0 0.561574125 0.50686624171123 0.054088649999999995 0.022674070588235295
0 0.6229313999999999 0.5449309090909091 0.04022865 0.043736778609625666
0 0.6482825999999999 0.5393781048128343 0.0436086 0.03864107807486631
0 0.638481375 0.5525665540106952 0.0233289 0.02198266524064171
0 0.6739755749999999 0.5521037005347594 0.049015575 0.024755473796791445
0 0.5923764 0.5390978053475936 0.0450261 0.03526598502673797
0 0.56174895 0.5342407187165775 0.045437174999999996 0.03776424385026738
0 0.505973475 0.5106380663101604 0.0571977 0.019436971122994653
0 0.5159101500000001 0.5236885219251337 0.062469224999999996 0.016103563636363637
0 0.52585155 0.537850113368984 0.059629499999999995 0.02332235294117647
0 0.46763797500000004 0.5247996577540108 0.058412025 0.019436971122994653
0 0.46682527500000004 0.5431269304812835 0.04543245 0.029989167914438505
0 0.4437027 0.5353518545454545 0.034884675 0.040541364705882356
0 0.41490067500000005 0.5449309090909091 0.059229449999999996 0.02638121069518717
0 0.438024825 0.5600642053475936 0.04300065 0.03498712299465241
0 0.40496242500000007 0.5554831058823531 0.053145225000000004 0.029711743315508025
0 0.3879240750000001 0.5689489796791444 0.048275325 0.03110174117647059
0 0.36642375000000005 0.562007614973262 0.040973625 0.036099696256684494
0 0.511649775 0.5535382588235294 0.0571977 0.026934622459893053
0 0.48670177500000006 0.5542325390374332 0.04218795 0.037761368983957225
0 0.544509 0.5518722737967914 0.0474579 0.029711743315508025
0 0.5597235 0.5617301903743316 0.051115049999999995 0.03720508235294118
0 0.57615075 0.5711698139037433 0.036916425 0.033319700534759356
0 0.599273325 0.5767226181818182 0.041786325 0.03665310802139038
0 0.66032505 0.5667281454545455 0.06084855 0.025547499465240642
0 0.6416660250000001 0.5810291679144386 0.058416749999999996 0.0213803807486631
0 0.51489585 0.5753354951871659 0.027176625 0.030542579679144387
0 0.49278757500000003 0.5754749262032087 0.034078275 0.030263717647058826
0 0.452832975 0.5789448898395722 0.0571977 0.025547499465240642
0 0.405771975 0.577973185026738 0.031233825 0.03082000427807487
0 0.38082555 0.587829664171123 0.040567275 0.03443083636363636
0 0.36277290000000006 0.5854708363636364 0.040973625 0.028045758288770057
0 0.321804 0.5803334502673797 0.0466515 0.03498424812834224
0 0.30172117500000006 0.574927264171123 0.0373275 0.025839298395721924
0 0.709816275 0.5745032213903745 0.051115049999999995 0.01443901604278075
0 0.7215799500000001 0.5647847358288771 0.034890975 0.02054954438502674
0 0.739429425 0.577973185026738 0.04543245 0.03859939251336898
0 0.767621925 0.5831105711229948 0.0377244 0.03276628877005348
0 0.7436898000000001 0.6061569368983958 0.0604422 0.028876594652406416
0 0.7120480499999999 0.5935233368983956 0.0466515 0.038595080213903746
0 0.679188825 0.5976861433155081 0.0555786 0.019158109090909092
0 0.697241475 0.6056006502673796 0.031640175 0.03110174117647059
0 0.6595123500000001 0.5912996278074867 0.05354685 0.03193257754010695
0 0.6088068 0.6017138310160429 0.061656525 0.03554053475935829
0 0.6315230250000001 0.616571140106952 0.04380704999999999 0.029155456684491977
0 0.6538344749999999 0.6333675465240642 0.04461975 0.03776424385026738
0 0.6771602250000001 0.6190679614973263 0.0507087 0.03304515080213904
0 0.71549415 0.6273978866310161 0.045437174999999996 0.03970765347593583
0 0.693587475 0.6457265967914438 0.058416749999999996 0.019714395721925133
0 0.741864375 0.6239279229946525 0.058416749999999996 0.0205452320855615
0 0.7724886750000001 0.6300355764705883 0.044218125 0.03387454973262032
0 0.8079860249999999 0.6246222032085562 0.05354685 0.030263717647058826
0 0.83475945 0.6223999315508022 0.044624475 0.034153411764705884
0 0.8140702500000001 0.6433663315508021 0.022713075 0.024434926203208557
0 0.8000748 0.6626638716577541 0.0458388 0.029711743315508025
0 0.791354025 0.639617505882353 0.026770275000000003 0.03637424598930482
0 0.767215575 0.6700220919786096 0.027182925 0.037761368983957225
0 0.7473406499999999 0.6690503871657754 0.031233825 0.03637424598930482
0 0.7264467 0.6632172834224599 0.028395675 0.02082409411764706
0 0.7211736000000001 0.6512779636363637 0.04380704999999999 0.0374868192513369
0 0.702108225 0.6541930780748665 0.022719375 0.013882729411764706
0 0.687908025 0.6726583443850267 0.025963874999999997 0.04025962780748663
0 0.7156973249999999 0.6843216770053477 0.027176625 0.03359712513368984
0 0.736184925 0.6883464898395721 0.039754575 0.024991212834224598
0 0.7481502 0.6991775486631017 0.054761175 0.03110174117647059
0 0.7666092000000001 0.705564064171123 0.051115049999999995 0.03276628877005348
0 0.79723665 0.6894590631016043 0.058818375000000006 0.037761368983957225
0 0.797436675 0.711116868449198 0.058416749999999996 0.03054545454545455
0 0.8083923749999999 0.7198636491978609 0.031640175 0.02082409411764706
0 0.7925715 0.7298581219251338 0.035697375 0.024157501604278077
0 0.7698537 0.7352743700534761 0.03326085 0.017216136898395722
0 0.84429135 0.7290258481283424 0.037729125 0.04025962780748663
0 0.8700520500000001 0.7513808085561497 0.038135474999999995 0.03443083636363636
0 0.8493644250000001 0.7626244106951873 0.034884675 0.03915136684491979
0 0.8290799999999999 0.7669266481283422 0.03650535 0.03887394224598931
0 0.8234005499999999 0.7441591443850268 0.021906674999999997 0.017216136898395722
0 0.81204165 0.73749664171123 0.05516595 0.03276628877005348
0 0.77066325 0.7504062288770054 0.052734149999999994 0.023601214973262032
0 0.8051447250000001 0.7570716064171124 0.045437174999999996 0.032488864171123
0 0.809201925 0.7672055101604278 0.028395675 0.023878639572192512
0 0.816708375 0.7851144898395722 0.058823099999999996 0.03137629090909091
0 0.95382 0.7788688427807486 0.02961 0.0455364449197861
0 0.9558485999999999 0.8074694502673797 0.033667199999999994 0.018880684491978612
0 0.9035208000000001 0.8337069176470588 0.049895999999999996 0.03637424598930482
0 0.89398575 0.8603641155080215 0.04624515 0.02638121069518717
0 0.8797887 0.8470362352941178 0.03813075 0.03082000427807487
0 0.8674139249999999 0.8321803636363636 0.048275325 0.04442387165775401
0 0.84408975 0.8120505497326205 0.039754575 0.03359712513368984
0 0.815895675 0.8101057026737969 0.053145225000000004 0.026378335828877005
0 0.8150924250000001 0.8233013390374332 0.033656174999999997 0.033332637433155086
0 0.8382055500000001 0.8452322566844921 0.0458388 0.03165371550802139
0 0.845710425 0.8642523721925134 0.04624515 0.026934622459893053
0 0.87532515 0.8768859721925134 0.03813075 0.03109742887700535
0 0.85159305 0.8804953668449199 0.038541825 0.029432881283422464
0 0.8615328750000001 0.9133996491978611 0.05354685 0.023604089839572195
0 0.800684325 0.8895195721925135 0.05192145 0.029155456684491977
0 0.7937748 0.9132530310160428 0.059249924999999995 0.02500127486631016
0 0.8238069000000001 0.869388320855615 0.022719375 0.032210002139037436
0 0.805957425 0.8653620705882353 0.03407355 0.03526598502673797
0 0.781412625 0.8685560470588236 0.033671925 0.0449844705882353
0 0.8114321250000001 0.8456476748663103 0.0507087 0.02526863743315508
0 0.795004875 0.8348180534759359 0.04218795 0.030263717647058826
0 0.784660275 0.827042977540107 0.048270600000000004 0.02749090909090909
0 0.77999355 0.8167682053475935 0.04867695 0.026378335828877005
0 0.784660275 0.7956666866310161 0.0571977 0.026934622459893053
0 0.7633631250000001 0.7795616855614974 0.037322774999999996 0.034153411764705884
0 0.770869575 0.761651268449198 0.029614724999999998 0.029432881283422464
0 0.7347627 0.7756748663101605 0.0377244 0.03637424598930482
0 0.748567575 0.7327746737967915 0.03445785 0.036099696256684494
0 0.736792875 0.7211127786096256 0.0385371 0.038317655614973266
0 0.70312095 0.7086171721925134 0.066120075 0.021660680213903747
0 0.7004859750000001 0.7243053176470589 0.05192145 0.02526576256684492
0 0.6946033500000001 0.7370783486631017 0.053948474999999996 0.030263717647058826
0 0.6982542 0.7488811122994653 0.053948474999999996 0.03387454973262032
0 0.7335468 0.7538776299465242 0.058823099999999996 0.02721204705882353
0 0.694400175 0.7660943743315508 0.054354824999999996 0.030542579679144387
0 0.6897365999999999 0.7898364577540107 0.0539532 0.02859917005347594
0 0.7179291 0.7877550545454546 0.03813075 0.028876594652406416
0 0.7319245500000001 0.8030234695187166 0.032859225 0.029432881283422464
0 0.761536125 0.8046908919786098 0.043407 0.02221409197860963
0 0.755655075 0.8220450224598932 0.037322774999999996 0.026934622459893053
0 0.7546392 0.8395385839572194 0.042594299999999995 0.0374868192513369
0 0.731113425 0.836485475935829 0.030427424999999998 0.015829013903743316
0 0.719145 0.8459250994652407 0.04218795 0.024712350802139037
0 0.6948065250000001 0.839678014973262 0.040562549999999996 0.033322575401069525
0 0.7077939750000001 0.8084382802139037 0.038119725 0.030268029946524066
0 0.6587028 0.8124674053475935 0.05679135 0.019436971122994653
0 0.6499804499999999 0.7966383914438504 0.042599025 0.019993257754010695
0 0.6357802499999999 0.7763691465240643 0.028802025000000002 0.02776833368983957
0 0.669045825 0.7699826310160429 0.036103724999999996 0.029989167914438505
0 0.6329421 0.7585981604278076 0.048270600000000004 0.013329317647058823
0 0.647342325 0.7672055101604278 0.021906674999999997 0.01277015614973262
0 0.6692490000000001 0.7436028577540108 0.04218795 0.03720795721925134
0 0.6745220999999999 0.7013983828877006 0.06328665 0.02054954438502674
0 0.6761475 0.7119505796791444 0.060035849999999995 0.013882729411764706
0 0.6696553500000001 0.6840428149732621 0.037322774999999996 0.019158109090909092
0 0.6660045 0.6668295529411766 0.043811775000000004 0.03693053262032086
0 0.639231075 0.6493359914438503 0.07058835 0.03082000427807487
0 0.6148894500000001 0.6326747037433156 0.057604050000000004 0.021383255614973264
0 0.633957975 0.6564153497326204 0.04867695 0.0205452320855615
0 0.6262515 0.6658564106951872 0.05354685 0.028880906951871656
0 0.610632225 0.6721034951871658 0.033671925 0.034709698395721925
0 0.634767525 0.6908447486631016 0.039754575 0.029989167914438505
0 0.6367961249999999 0.7122265668449199 0.038135474999999995 0.029986293048128346
0 0.62604675 0.7263895957219253 0.022313025 0.033319700534759356
0 0.644301 0.7366614930481284 0.034479899999999994 0.029986293048128346
0 0.6100226999999999 0.7240293304812835 0.030827475 0.034153411764705884
0 0.6221943000000001 0.7023700877005349 0.033265575 0.03637424598930482
0 0.5966367750000001 0.6887633454545454 0.033265575 0.04082022673796792
0 0.5810175 0.7233336128342246 0.030421124999999997 0.02776402139037433
0 0.59704155 0.7091720213903744 0.037322774999999996 0.026099473796791443
0 0.5724999000000001 0.7086171721925134 0.029614724999999998 0.027209172192513374
0 0.5793984 0.6872353540106952 0.039348225 0.03609682139037433
0 0.573109425 0.6650241368983958 0.051115049999999995 0.024434926203208557
0 0.59197005 0.6510005390374333 0.0458388 0.026378335828877005
0 0.5755428 0.6414214844919787 0.04543245 0.029986293048128346
0 0.557898075 0.6394780748663103 0.039348225 0.040538489839572193
0 0.53355645 0.6441971679144386 0.034479899999999994 0.029989167914438505
0 0.579601575 0.6149022802139038 0.060035849999999995 0.02526863743315508
0 0.5653998 0.5904673540106952 0.051927749999999995 0.034153411764705884
0 0.53680095 0.5904687914438503 0.0523341 0.03693053262032086
0 0.5457264749999999 0.6139305754010695 0.0531405 0.032210002139037436
0 0.503944875 0.5996309903743317 0.0604422 0.03693053262032086
0 0.492179625 0.6140700064171123 0.0555786 0.025822049197860963
0 0.5102307 0.6339238331550803 0.05517225 0.03776424385026738
0 0.47778097500000005 0.5958821647058823 0.05030235 0.019436971122994653
0 0.45688702500000006 0.6057400812834225 0.027182925 0.03915136684491979
0 0.4309263 0.5978255743315508 0.0653121 0.023878639572192512
0 0.394416225 0.6026869732620321 0.045843525 0.028045758288770057
0 0.40983232500000005 0.6183751187165775 0.049895999999999996 0.03387454973262032
0 0.4288977 0.6200396663101605 0.048275325 0.03443083636363636
0 0.4623633000000001 0.6282315978609625 0.038135474999999995 0.04303674866310161
0 0.487731825 0.6477217540106953 0.030172275 0.036249189304812836
0 0.51701265 0.6548571721925135 0.0363384 0.029693056684491976
0 0.5539322250000001 0.6717312 0.054906075000000006 0.03297327914438503
0 0.5197027500000001 0.6853250053475937 0.0332703 0.03740776042780749
0 0.5460572250000001 0.6941954053475937 0.039156075 0.028924029946524068
0 0.536761575 0.6768398374331551 0.03352545 0.02506595935828877
0 0.54448065 0.7114517903743316 0.047328749999999996 0.01908767486631016
0 0.554650425 0.7309807572192514 0.0332388 0.03230631016042781
0 0.58845465 0.7432679358288771 0.056339324999999996 0.025643807486631018
0 0.624908025 0.746257796791444 0.03746295 0.024685039572192514
0 0.534931425 0.7267805775401069 0.045635625 0.018124594652406418
0 0.529705575 0.7418218780748664 0.043692075 0.02776402139037433
0 0.501941475 0.7456799486631017 0.030427424999999998 0.04010725989304813
0 0.513788625 0.7088485989304812 0.029328075 0.02236789732620321
0 0.4811247 0.7074974117647059 0.02986515 0.021212201069518717
0 0.494082225 0.6926530395721926 0.040000274999999995 0.02198266524064171
0 0.48884377500000004 0.6783822032085562 0.048739950000000004 0.018895058823529414
0 0.48295485000000005 0.6643054203208556 0.045922275 0.02738310160427808
0 0.454067775 0.6690230759358289 0.046791675 0.01753955935828877
0 0.457728075 0.6799231315508022 0.041666625 0.011568462032085561
0 0.46534792500000005 0.6945792 0.0309897 0.024680727272727274
0 0.4273164 0.6957363336898397 0.027603449999999998 0.018124594652406418
0 0.416894625 0.6766472213903745 0.0309897 0.01928316577540107
0 0.45267075 0.6906276962566845 0.025916625000000002 0.022559075935828878
0 0.46084027499999997 0.6462771336898396 0.042255675 0.022563388235294118
0 0.425346075 0.6488860748663102 0.040005 0.02701224385026738
0 0.39041257500000004 0.6559179978609627 0.033807375 0.022944308021390376
0 0.402669225 0.639528385026738 0.0380268 0.015619148663101606
0 0.40041382500000006 0.6675827679144386 0.030140775 0.025839298395721924
0 0.37434285 0.6321040427807487 0.036645525 0.030082601069518718
0 0.9781521750000001 0.9782666951871658 0.03972465 0.04158637860962567
0 0.7991109000000001 0.9744675593582889 0.0496503 0.019593651336898398
0 0.827733375 0.9754651379679145 0.04497885 0.019993257754010695
0 0.8121834 0.9541595037433156 0.048087899999999996 0.028902468449197864
0 0.774281025 0.9499736983957219 0.0381465 0.025444004278074868
0 0.752271975 0.9484097711229946 0.0342342 0.02678081711229947
0 0.73450125 0.93819968342246 0.032931675 0.025776051336898396
0 0.7694709750000001 0.9279349732620322 0.046464075 0.028681103743315506
0 0.76221495 0.9364704513368985 0.043036874999999995 0.017183075935828875
0 0.8068850999999999 0.9314494973262032 0.063250425 0.027005056684491983
0 0.7554944250000001 0.879602720855615 0.04402125 0.04043068235294118
0 0.747105975 0.8967685475935829 0.060796575000000005 0.01678059465240642
0 0.7262136 0.9177478844919786 0.047979225 0.032043259893048126
0 0.7061496749999999 0.9051602823529412 0.05466667499999999 0.038142288770053476
0 0.7022751749999999 0.8811292748663102 0.027864899999999998 0.03203894759358289
0 0.71841105 0.8788394438502675 0.068041575 0.0236472128342246
0 0.7092162000000001 0.8605322951871659 0.051880499999999996 0.018310023529411766
0 0.6819372 0.8651090823529413 0.027302625 0.02822831229946524
0 0.6685622999999999 0.8502316491978611 0.02953125 0.022124971122994653
0 0.666024975 0.8305891251336899 0.053551575000000004 0.02097646203208556
0 0.645408225 0.8445106652406419 0.040182975 0.019836577540106953
0 0.65546775 0.8712124235294118 0.024521175 0.035856770053475935
0 0.653210775 0.8944801540106952 0.039067875 0.03509061818181818
0 0.669647475 0.9024895315508022 0.03181815 0.019836577540106953
0 0.642929175 0.9074472385026738 0.0195048 0.011443405347593583
0 0.6621237 0.9162213304812834 0.033489225 0.01907330053475936
0 0.70754355 0.9045881839572193 0.0496503 0.033946421390374334
0 0.68943105 0.9293824684491979 0.05466667499999999 0.017165826737967915
0 0.607264875 0.9108812663101604 0.038447325 0.013733236363636363
0 0.6114449249999999 0.8902842866310161 0.034547625 0.03127567058823529
0 0.6292755 0.8815101946524065 0.04681215 0.03280222459893048
0 0.6359629499999999 0.8628163764705883 0.032322149999999994 0.02745784812834225
0 0.619893225 0.9341878074866311 0.031985099999999995 0.024466549732620323
0 0.629299125 0.9489028106951871 0.0368172 0.019314789304812834
0 0.65993445 0.9408100620320857 0.0276822 0.022994618181818183
0 0.577298925 0.9205738780748663 0.0365463 0.02667444705882353
0 0.597991275 0.8745875165775402 0.029025675 0.027040992513368983
0 0.597855825 0.8486504727272729 0.033057675 0.028146378609625673
0 0.6146532 0.8344874438502675 0.033859349999999996 0.017842857754010698
0 0.63534555 0.8205069689839574 0.03440115 0.022994618181818183
0 0.597855825 0.8116782545454547 0.0502551 0.01673747165775401
0 0.55848555 0.8263932577540107 0.026338724999999997 0.028512924064171122
0 0.57823605 0.8479145069518716 0.0314433 0.029618310160427805
0 0.560906325 0.8464425754010695 0.027948375 0.019314789304812834
0 0.562919175 0.863458909090909 0.028754774999999996 0.022809189304812835
0 0.57770055 0.886358656684492 0.033057675 0.035133741176470584
0 0.545587875 0.8614364406417113 0.02525985 0.03016740962566845
0 0.539001225 0.8448786481283422 0.033057675 0.01397903743315508
0 0.522476325 0.838259268449198 0.02096325 0.018762814973262033
0 0.51952005 0.8499398502673797 0.044073225 0.01563639786096257
0 0.5363142750000001 0.8232654032085562 0.029296575 0.03623481497326204
0 0.5123979 0.8262998245989306 0.038963924999999996 0.02391457540106952
0 0.5105142 0.8100223315508022 0.024988950000000003 0.024834532620320857
0 0.4857993 0.8239654331550803 0.0293076 0.026744881283422464
0 0.486194625 0.792638014973262 0.034931925 0.029796551871657757
0 0.4826997 0.807170464171123 0.0311724 0.028327495187165774
0 0.52542945 0.7666104128342246 0.044608725 0.03219275294117647
0 0.5531116500000001 0.7606249411764707 0.0274113 0.03496556149732621
0 0.570576825 0.7712993197860962 0.040312125 0.023546592513368984
0 0.5963769 0.7690928598930482 0.02042145 0.03310839786096257
0 0.611293725 0.7781070032085563 0.0368172 0.029432881283422464
0 0.6209658000000001 0.801560162566845 0.04326525 0.036239127272727274
0 0.56533995 0.785739773262032 0.0368172 0.029247452406417115
0 0.582269625 0.7813254160427808 0.029291849999999998 0.017108329411764704
0 0.5477361749999999 0.7858317689839573 0.039234825 0.03163934117647059
0 0.5443766999999999 0.7987097326203209 0.028212974999999998 0.020969274866310162
0 0.531479025 0.7982483165775403 0.027677474999999997 0.027040992513368983
0 0.570847725 0.8097449069518717 0.03869775 0.0294300064171123
0 0.497481075 0.7214520128342247 0.030098249999999997 0.019130797860962567
0 0.490629825 0.765506464171123 0.03520755 0.01894824385026738
0 0.48203032500000004 0.7733232256684494 0.03896865 0.03090193796791444
0 0.46227825000000006 0.7762656513368985 0.032786775 0.026121035294117648
0 0.46603777500000004 0.735613604278075 0.0311724 0.0294300064171123
0 0.488075175 0.7346936470588236 0.041921774999999994 0.01618837219251337
0 0.4441374 0.7262314780748663 0.042734475 0.01839626951871658
0 0.424653075 0.7219004919786096 0.03440115 0.0219107935828877
0 0.44131657500000004 0.708752290909091 0.04300065 0.016585103743315507
0 0.44158590000000003 0.7370769112299466 0.042463574999999996 0.018046973262032088
0 0.4515273000000001 0.7619186310160428 0.0365463 0.020234746524064172
0 0.42941114999999996 0.783731679144385 0.028646099999999997 0.026698883422459893
0 0.45228645000000006 0.8023004406417112 0.04708305 0.025824924064171122
0 0.463410675 0.7984351828877007 0.033864075 0.01545096898395722
0 0.46131435000000004 0.822276449197861 0.036765225 0.0309048128342246
0 0.4535748 0.8335329882352942 0.032244975 0.032669980748663105
0 0.19104907500000007 0.5617503144385028 0.03854655 0.03274185240641711
0 0.22100242500000003 0.5604796235294119 0.04272345 0.030834378609625672
0 0.21194460000000004 0.5798705967914439 0.034827975 0.027654776470588234
0 0.22401225000000002 0.5959224128342246 0.029235149999999998 0.03941585454545455
0 0.25188502500000004 0.5844775700534759 0.055260449999999996 0.02352215614973262
0 0.26883202500000003 0.570016992513369 0.058509675000000004 0.021935229946524065
0 0.276495975 0.5595280427807487 0.047828025 0.03146828663101604
0 0.2848529250000001 0.5908367743315509 0.043188075 0.01906898823529412
0 0.305516925 0.6006903786096257 0.043651125 0.01906898823529412
0 0.35590275 0.6124442695187166 0.0515466 0.024808658823529412
0 0.34313265 0.6030750802139038 0.026004825000000002 0.02002488128342246
0 0.32386410000000004 0.6094314096256686 0.020895524999999998 0.02002488128342246
0 0.35172585 0.6250059978609627 0.057120525 0.02129700962566845
0 0.3517227 0.6347029219251337 0.025541774999999996 0.019707208556149734
0 0.3357018 0.6286613903743316 0.0455112 0.03687303529411765
0 0.3268818 0.6424909347593584 0.049223475 0.019390973262032086
0 0.311092425 0.633113120855615 0.028791 0.0330552128342246
0 0.29344455 0.6242125347593585 0.044578799999999995 0.029878485561497328
0 0.2432934 0.6246883251336899 0.0557235 0.01875275294117647
0 0.256991175 0.6019625069518717 0.047828025 0.025429629946524063
0 0.25211340000000004 0.6424894973262032 0.05108354999999999 0.030196158288770057
0 0.26651205000000006 0.662356260962567 0.050151150000000005 0.019707208556149734
0 0.30830467500000003 0.6663278887700536 0.049223475 0.03719070802139038
0 0.34243965 0.6655329882352942 0.052474275 0.03178595935828877
0 0.34151040000000005 0.6504356278074868 0.048760424999999996 0.030196158288770057
0 0.37471297500000006 0.6720503101604279 0.0455112 0.024478049197860962
0 0.39979169999999997 0.6909626181818183 0.052009650000000004 0.027971011764705886
0 0.4144155750000001 0.7100359187165776 0.032969475 0.013348004278074869
0 0.4069863 0.7181416042780749 0.024609375 0.024473736898395722
0 0.38701687500000004 0.7065386438502673 0.03575565 0.022888248128342246
0 0.377264475 0.6898500449197862 0.038541825 0.025111957219251337
0 0.34197345000000007 0.6831774802139038 0.040406625 0.020663101604278075
0 0.30807472500000005 0.6834937155080215 0.028327949999999998 0.021932355080213906
0 0.31062622500000003 0.6962092491978611 0.031578749999999996 0.026385522994652407
0 0.342208125 0.707015871657754 0.028791 0.03274185240641711
0 0.36333517500000007 0.7089233454545455 0.027400274999999998 0.02638121069518717
0 0.3754107 0.7237044705882353 0.054332775 0.02352215614973262
0 0.347777325 0.7294240171122995 0.035297325 0.033059525133689836
0 0.31480942500000003 0.7319682737967914 0.043651125 0.028606357219251335
0 0.314343225 0.7122625026737969 0.052009650000000004 0.01779973475935829
0 0.27417442500000005 0.7313343657754012 0.032046525 0.015258352941176471
0 0.28369215 0.6970027122994653 0.034364925000000004 0.027337103743315508
0 0.2593143 0.7003389946524066 0.0339003 0.0295608128342246
0 0.26465512500000005 0.6730062032085563 0.039937275 0.01811740748663102
0 0.315735525 0.7593053775401071 0.026004825000000002 0.04259545668449198
0 0.3011085 0.7628012149732621 0.031114125000000003 0.02924457754010695
0 0.36101205000000003 0.7717003636363636 0.041328 0.03941585454545455
0 0.348010425 0.7588295871657754 0.0506142 0.03146828663101604
0 0.38748307500000007 0.7427763336898396 0.025541774999999996 0.03687303529411765
0 0.35242042500000004 0.7432535614973262 0.0176463 0.019390973262032086
0 0.40768087500000005 0.7516754823529411 0.052009650000000004 0.018437955080213904
0 0.41465025 0.7631174502673798 0.05108354999999999 0.026063537967914437
0 0.38353612500000006 0.7790125860962568 0.039937275 0.027971011764705886
0 0.40861169999999997 0.7807590673796793 0.04179735 0.028926904812834227
0 0.34406190000000003 0.8033282053475936 0.029718675 0.02257057540106952
0 0.4327596 0.8049180064171124 0.037146374999999995 0.024473736898395722
0 0.43415032500000006 0.8230354139037434 0.028791 0.028924029946524068
0 0.4230072 0.8173158673796792 0.026004825000000002 0.03337576042780749
0 0.41162940000000003 0.7990374673796792 0.035760375 0.02924026524064171
0 0.3888738 0.8020575144385027 0.042260400000000004 0.0295608128342246
0 0.375642225 0.8036458780748664 0.048297375000000003 0.032103632085561495
0 0.385624575 0.8187461133689841 0.03761415 0.026701758288770052
0 0.410934825 0.8235140791443851 0.033432525 0.026698883422459893
0 0.41325637500000006 0.8465590074866312 0.0371511 0.03337288556149733
0 0.428348025 0.8421087144385027 0.01904175 0.01684527914438503
0 0.44622585000000003 0.8440147508021391 0.031578749999999996 0.03337576042780749
0 0.470142225 0.8513255358288772 0.0329742 0.027654776470588234
0 0.45969525 0.8575266224598931 0.031578749999999996 0.027337103743315508
0 0.4889493 0.8645168598930483 0.030651074999999996 0.03878050909090909
0 0.506364075 0.8684899251336899 0.023687999999999997 0.03909818181818182
0 0.53329815 0.8711922994652407 0.034827975 0.040687982887700536
0 0.553264425 0.8867683251336899 0.04783275 0.036239127272727274
0 0.552338325 0.9074285518716579 0.038541825 0.021614682352941176
0 0.4940586 0.9223692320855615 0.030651074999999996 0.030513831016042783
0 0.500558625 0.8948740106951872 0.026004825000000002 0.03401110588235295
0 0.52052805 0.9299962524064171 0.020432475 0.024157501604278077
0 0.48337695 0.8980521754010695 0.025078725 0.03464932620320856
0 0.476873775 0.8853366417112299 0.033437249999999995 0.03401110588235295
0 0.454121325 0.8659485433155081 0.036223425 0.03273754010695187
0 0.44668890000000006 0.8823180320855616 0.05386972499999999 0.0165276064171123
0 0.43740270000000003 0.8886757989304814 0.04179735 0.01779973475935829
0 0.431598825 0.89868895828877 0.054332775 0.014937805347593584
0 0.426955725 0.9058401882352942 0.057120525 0.024791409625668448
0 0.42416797500000003 0.8705569540106952 0.044120475 0.027337103743315508
0 0.40048627500000006 0.880570113368984 0.0329742 0.02129700962566845
0 0.360780525 0.8961447016042782 0.03064635 0.036552487700534764
0 0.38214225 0.8653117604278074 0.061297425 0.01811740748663102
0 0.39189307500000004 0.8351141647058825 0.0269325 0.016209933689839574
0 0.3944493 0.8498967272727274 0.029255625 0.027337103743315508
0 0.35683200000000004 0.8262150160427808 0.0246141 0.03274185240641711
0 0.37424677500000003 0.8398850053475936 0.0269325 0.035918579679144386
0 0.335007225 0.8281210524064172 0.03854655 0.03782461604278075
0 0.31736092500000007 0.8290755080213905 0.019037025 0.020660226737967916
0 0.3254895 0.8014207315508022 0.041791049999999996 0.027019431016042785
0 0.302962275 0.7901383187165776 0.03761415 0.02034542887700535
0 0.30157155 0.7818745155080215 0.027395549999999998 0.013986224598930484
0 0.327113325 0.8575251850267381 0.045041849999999994 0.038142288770053476
0 0.7019318250000001 0.9545476106951872 0.03855285 0.01727219679144385
0 0.21856117500000005 0.14823816898395725 0.037083375 0.04403863957219252
0 0.29072610000000004 0.1739222245989305 0.050921324999999996 0.038524645989304815
0 0.26190517500000005 0.16536949732620324 0.054052425 0.04160362780748663
0 0.37895445000000005 0.18937894331550809 0.03263085 0.047419482352941175
0 0.40462695000000004 0.19640511657754017 0.028641375 0.04434625026737968
0 0.348801075 0.2083314994652407 0.033958575 0.04618185240641711
0 0.24760417500000007 0.23066202352941179 0.040655474999999996 0.044353437433155084
0 0.41179950000000004 0.26705064385026744 0.054504449999999996 0.036395807486631016
0 0.337183875 0.17774867165775404 0.06254639999999999 0.022327649197860962
0 0.31685535000000004 0.19854545454545455 0.046911375 0.03761906310160428
0 0.28759500000000005 0.21306209197860967 0.0482454 0.04218866310160428
0 0.26189730000000006 0.19594513796791443 0.068359725 0.029971918716577544
0 0.23263537500000003 0.1852405732620321 0.032166225 0.047706968983957224
0 0.31975650000000005 0.22974494117647062 0.07326585 0.032103632085561495
0 0.27128272500000006 0.24762948449197866 0.043339275 0.03914417967914439
0 0.30925912499999997 0.2589449582887701 0.067468275 0.04220303743315508
0 0.3164112 0.14854434224598936 0.05763555 0.038534708021390376
0 0.33806745 0.1543501347593583 0.07602052499999999 0.025696992513368985
0 0.36753255 0.1365978352941177 0.0491715 0.04039618395721925
0 0.28423867500000005 0.13838600213903743 0.0656775 0.024769848128342247
0 0.4088952 0.1399786780748663 0.063896175 0.02752253262032086
0 0.42408765 0.16383431871657753 0.054061875 0.04954400855614973
0 0.21338257500000002 0.2468130224598931 0.037401525 0.037462382887700534
0 0.23996070000000005 0.20934920213903746 0.032285925 0.040695170053475935
0 0.304710525 0.11300524491978613 0.05161904999999999 0.03448833368983958
0 0.26397000000000004 0.11973818181818188 0.045682875 0.04473866951871658
0 0.17007007500000004 0.12620519358288773 0.0555156 0.04473866951871658
0 0.34961377500000007 0.24357736042780753 0.03740625 0.040695170053475935
0 0.37304032500000006 0.23010429946524066 0.044885925 0.04986024385026738
0 0.40117612500000005 0.11515564491978612 0.0736659 0.0441996320855615
0 0.33682005000000004 0.11677419465240647 0.042526575 0.04312299465240642
0 0.377749575 0.09696492834224606 0.07169715 0.040695170053475935
0 0.34193722500000007 0.08887936684491983 0.055125 0.04446699465240642
0 0.30807787500000006 0.09373070374331553 0.07795777499999999 0.02614259679144385
0 0.25216537499999997 0.08914672941176474 0.093707775 0.037465257754010696
0 0.43879815 0.0852412235294118 0.04803592499999999 0.04635290695187166
0 0.4551183 0.10693640213903746 0.074458125 0.040695170053475935
0 0.44645580000000007 0.1877905796791444 0.06736905 0.03369055828877006
0 0.454722975 0.1631285390374332 0.0657909 0.0409668449197861
0 0.46732455000000006 0.13200092406417113 0.08075497499999999 0.02129125989304813
0 0.495298125 0.08887936684491983 0.07362967499999999 0.05039928128342246
0 0.487996425 0.11771715080213907 0.063036225 0.04339035721925134
0 0.5271966 0.10451145240641715 0.0609903 0.05201064385026738
0 0.4921497 0.1500579593582888 0.08622967499999999 0.03476719572192514
0 0.43722315 0.21150678930481284 0.066145275 0.035846708021390374
0 0.41930595000000004 0.06624123208556151 0.048426525 0.05147591871657754
0 0.40178565 0.0595011080213904 0.052760925 0.040157570053475936
0 0.364774725 0.06435531978609627 0.050395274999999996 0.05147591871657754
0 0.29035912500000005 0.06502660106951876 0.049614075 0.03503743315508022
0 0.25393725000000006 0.06880130053475939 0.06968745 0.02264100962566845
0 0.21436695 0.06907010053475937 0.05354685 0.036655982887700535
0 0.16967947500000002 0.07648150588235299 0.061817174999999995 0.033148645989304816
0 0.13995292500000003 0.08834032941176473 0.068510925 0.03422815828877006
0 0.15333727500000005 0.10302945882352944 0.0433125 0.037193582887700534
0 0.13207477500000003 0.12175921283422461 0.06535935 0.04985736898395722
0 0.13463415000000004 0.1407592042780749 0.06574995 0.03126560855614973
0 0.09683572500000001 0.08834032941176473 0.05787967499999999 0.027761146524064174
0 0.13522635000000002 0.07607758716577545 0.049609349999999997 0.01994582245989305
0 0.042106050000000055 0.08160308021390376 0.080714025 0.03638143315508022
0 0.057657600000000045 0.1135385326203209 0.047245274999999996 0.04473866951871658
0 0.08089042500000002 0.11717811336898397 0.033073425 0.03422815828877006
0 0.10549980000000002 0.10707152085561497 0.04134375 0.04473866951871658
0 0.04230922500000004 0.14507581604278083 0.06298424999999999 0.04850330695187166
0 0.08458065000000003 0.13978174973262034 0.03508785 0.032701604278074864
0 0.10137487500000004 0.15447087914438506 0.057479625 0.03985714652406417
0 0.08476807500000005 0.16520131764705887 0.05897429999999999 0.032956029946524065
0 0.15420825000000005 0.16697367272727276 0.06423952499999999 0.04264576684491979
0 0.16814070000000003 0.14816629732620326 0.055729799999999996 0.04158637860962567
0 0.18342450000000005 0.1615444877005348 0.045276525 0.028078819251336897
0 0.19987222500000007 0.1525375315508022 0.04489065 0.038142288770053476
0 0.19367932499999999 0.18260288342245995 0.047213775 0.04105596577540107
0 0.16543170000000001 0.19041820748663102 0.06423952499999999 0.040791478074866314
0 0.15730470000000002 0.18816574973262035 0.047213775 0.0378792385026738
0 0.13079587500000006 0.198893313368984 0.0491463 0.04344066737967915
0 0.10448077500000005 0.2029986224598931 0.056890575 0.0442355679144385
0 0.08725972500000005 0.1937271786096257 0.0650097 0.03576046203208556
0 0.056882700000000015 0.20604454331550806 0.06849517499999999 0.044502930481283426
0 0.06373080000000005 0.2392880598930482 0.039890024999999996 0.037718245989304816
0 0.09077827500000003 0.25131793796791446 0.06828569999999999 0.034478271657754016
0 0.11494665000000003 0.23778306737967916 0.0395514 0.030082601069518718
0 0.13996237500000003 0.24194874866310165 0.046990125 0.03655967486631016
0 0.14232802500000005 0.22285819893048134 0.055104524999999994 0.022442643850267383
0 0.18897795 0.22031250481283426 0.0659169 0.034478271657754016
0 0.18576810000000005 0.2390551957219252 0.073692675 0.03586395721925134
0 0.16971097500000001 0.25108794866310163 0.0530775 0.02290837219251337
0 0.13150935000000002 0.2735334673796792 0.037521225 0.03123685989304813
0 0.14875245000000004 0.2635835550802139 0.041578424999999995 0.027999760427807486
0 0.15686370000000002 0.2851033668449198 0.04834305 0.03910536898395722
0 0.17697802500000004 0.2610407358288771 0.060843825 0.020598417112299466
0 0.18795735000000005 0.27387413903743324 0.052386075 0.03194695187165776
0 0.20909227500000002 0.27006350374331556 0.035155575 0.04003251336898396
0 0.22903807500000004 0.26288783743315514 0.033807375 0.030309715508021393
0 0.41048437499999996 0.030197595721925173 0.07360447499999999 0.02438892834224599
0 0.33629085000000003 0.06137839572192516 0.0654066 0.025208265240641712
0 0.329579775 0.04419244491978613 0.04380704999999999 0.0187944385026738
0 0.45517185000000004 0.0403947465240642 0.074187225 0.02398932192513369
0 0.47824717499999997 0.02600029090909094 0.03972465 0.01599288128342246
0 0.53432505 0.03499287272727278 0.10748429999999999 0.02919426737967915
0 0.511249725 0.018002412834224612 0.057834 0.01839195721925134
0 0.552722625 0.018804500534759374 0.04497885 0.023190109090909093
0 0.609095025 0.023200171122994676 0.073598175 0.03278785026737968
0 0.66137715 0.019403910160427824 0.06483802500000001 0.03318745668449198
0 0.6175669500000001 0.05919062245989308 0.07302014999999999 0.03438196363636364
0 0.57117375 0.09231195721925138 0.046297125 0.03827740748663102
0 0.611277975 0.09415330909090915 0.06553575 0.0446351743315508
0 0.6533383500000001 0.07222526631016045 0.07368795 0.04050686631016043
0 0.65081205 0.09393050695187169 0.079718625 0.03593295401069519
0 0.7081137 0.08478124491978611 0.06716745 0.04887703957219251
0 0.691977825 0.10709883208556156 0.046624725 0.05289179037433156
0 0.711866925 0.1280752941176471 0.055755 0.0526704256684492
0 0.7893018 0.13722743101604282 0.06292755 0.05869470802139038
0 0.7574316750000001 0.11987330053475939 0.059177475 0.05791418181818182
0 0.762648075 0.166351264171123 0.065370375 0.05646668663101604
0 0.725887575 0.16412036791443851 0.04597425 0.05378587379679144
0 0.6996402 0.16702110802139042 0.04206195 0.04977112299465241
0 0.6737172750000001 0.16852753796791448 0.0388017 0.055016316577540116
0 0.6675228 0.14816198502673797 0.07205782499999999 0.043518288770053475
0 0.656518275 0.12657030160427807 0.052004925 0.046309783957219255
0 0.620898075 0.12874513796791448 0.06064065 0.05624244705882354
0 0.5898438 0.12227381390374337 0.04939515 0.04575062245989305
0 0.5826681 0.13572100106951876 0.05982795 0.050998690909090906
0 0.5467203 0.13588630588235295 0.045651375 0.05043809197860963
0 0.8642276999999999 0.14180278074866312 0.061688025 0.03358706310160428
0 0.883507275 0.1643532320855615 0.060984 0.06045700106951872
0 0.858269475 0.11925232941176477 0.042759675 0.03742644705882353
0 0.8481060000000001 0.22409151657754012 0.07570237499999999 0.05517587165775402
0 0.88241895 0.22529033582887703 0.037921275 0.03166521497326203
0 0.876712725 0.25351002352941177 0.057604050000000004 0.04063767272727273
0 0.8818047 0.27048179679144385 0.053661824999999996 0.02176130053475936
0 0.8609517 0.2839203593582888 0.04456305 0.03859220534759358
0 0.8472303000000001 0.2998198074866311 0.069285825 0.03803591871657754
0 0.89471025 0.29860948877005355 0.053390925 0.048819542245989306
0 0.879087825 0.3271123508021391 0.055021049999999995 0.04166112513368984
0 0.85700475 0.348919649197861 0.058156875 0.02929057540106952
0 0.844916625 0.3356219550802139 0.072832725 0.037846177540106954
0 0.80627085 0.3412480684491979 0.05610465 0.048542117647058826
0 0.79376535 0.3164192855614974 0.062374725 0.03626787593582888
0 0.7798486499999999 0.2985174930481284 0.0749889 0.03580071016042781
0 0.79594515 0.26685371550802145 0.07621425 0.061372645989304815
0 0.745134075 0.2793162609625669 0.087354225 0.033661809625668455
0 0.7181716499999999 0.2991240898395722 0.0681975 0.02250301604278075
0 0.7303275 0.2628562139037433 0.08029192499999999 0.03068776042780749
0 0.71266545 0.2479313454545455 0.0452403 0.04528633155080214
0 0.7310740499999999 0.236400256684492 0.062494425 0.03766074866310161
0 0.696772125 0.24565301390374336 0.02132865 0.015626335828877007
0 0.736915725 0.217010720855615 0.0611352 0.03422097112299465
0 0.77216265 0.21139035721925134 0.07918155 0.046603020320855615
0 0.6962287500000001 0.20589936256684493 0.074313225 0.052723610695187176
0 0.67218165 0.21277891764705886 0.039260025000000004 0.03859220534759358
0 0.6421574250000001 0.2126452363636364 0.068879475 0.03719070802139038
0 0.660770775 0.23784200213903747 0.073500525 0.033293826737967915
0 0.633939075 0.19115848556149734 0.07200585 0.03793961069518717
0 0.6321057750000001 0.16321622245989306 0.08192205 0.045846930481283424
0 0.5993630999999999 0.16884233582887706 0.06262514999999999 0.03979964919786096
0 0.5836068 0.18307004919786096 0.049859774999999995 0.04147569625668449
0 0.55786185 0.17297926844919792 0.051349725 0.045657189304812835
0 0.557113725 0.19683347165775403 0.055021049999999995 0.04147282139037433
0 0.6026249250000001 0.22747235935828883 0.06887475 0.048263255614973265
0 0.5178789 0.17207943529411768 0.057707999999999995 0.04847743315508021
0 0.477481725 0.18125169625668455 0.044994599999999996 0.055037878074866306
0 0.507998925 0.19691828021390378 0.052427024999999995 0.047540226737967914
0 0.474936525 0.2209564748663102 0.0453852 0.04445693262032086
0 0.500662575 0.22236228449197862 0.055755 0.04110915080213904
0 0.5521131 0.21928186524064172 0.036979424999999996 0.02343303529411765
0 0.5663952000000001 0.23735902459893052 0.047146049999999995 0.04432037647058824
0 0.5385177 0.24224629732620329 0.039515175 0.050888008556149736
0 0.574709625 0.2524233240641712 0.039515175 0.047133433155080215
0 0.596816325 0.2637387978609626 0.041083875 0.04699831443850268
0 0.6662628 0.26407371978609634 0.050474025 0.04043786951871658
0 0.6387774750000002 0.25757939679144387 0.053797275 0.0384312128342246
0 0.597792825 0.2967480128342247 0.05517225 0.03561815614973262
0 0.6095313 0.2795390631016043 0.03638565 0.04191411336898396
0 0.6168582 0.3062566331550803 0.065521575 0.04232378181818182
0 0.6394626 0.30103012620320857 0.059082974999999996 0.04017050695187166
0 0.6754576500000001 0.2869662802139038 0.06886529999999999 0.030538267379679147
0 0.6704712 0.3133503657754011 0.047931975 0.046063982887700534
0 0.7289635499999999 0.3189736042780749 0.06866685 0.030531080213903744
0 0.39536595 0.2369752299465241 0.047369699999999994 0.04844580962566845
0 0.41041035000000003 0.2421255529411765 0.052937325 0.03356837647058823
0 0.44094960000000005 0.23598196363636367 0.049015575 0.04789958502673797
0 0.474489225 0.24900510802139042 0.0574056 0.05363925561497327
0 0.516894525 0.2609243037433156 0.047405925 0.04260264385026738
0 0.5570428500000001 0.28145372406417113 0.058046625 0.04436781176470589
0 0.53092305 0.2935957219251338 0.067077675 0.03421378395721925
0 0.491096025 0.27836468021390376 0.044181899999999996 0.040391871657754014
0 0.509640075 0.266774656684492 0.03160395 0.03222868877005348
0 0.4469157 0.27758990374331555 0.053853975 0.041939987165775405
