0 0.11046626865671645 0.6234579976662777 0.026633767164179107 0.043902693115519247
0 0.11920878805970153 0.6033873885647608 0.03609730746268657 0.05443905717619603
0 0.12883594029850748 0.5961114399066512 0.0332087104477612 0.026843145857642938
0 0.12506496716417914 0.5641283173862309 0.021816805970149258 0.04615628471411901
0 0.1557089194029851 0.5349045507584598 0.035618883582089554 0.03386738856476079
0 0.17383937910447764 0.5104443780630105 0.03850748059701493 0.038635687281213534
0 0.20889521194029856 0.4989035425904318 0.025507665671641793 0.052684172695449234
0 0.19397605970149256 0.4669180676779463 0.020055438805970154 0.05745011901983663
0 0.180659176119403 0.408089446907818 0.03674272835820896 0.06221136056009335
0 0.17199451343283584 0.46716742123687277 0.020697474626865674 0.05443905717619603
0 0.15161749253731346 0.4962712158693115 0.01877249552238806 0.05293352625437573
0 0.13878354626865672 0.5390447607934655 0.031283731343283584 0.039637806301050175
0 0.10645495522388063 0.5493270665110852 0.03529842985074627 0.04816287514585764
0 0.133409176119403 0.4995316312718786 0.018287301492537315 0.053937997666277715
0 0.14151191641791047 0.45211916919486583 0.049253964179104485 0.04289351691948658
0 0.10557257910447763 0.5099433185530923 0.03674272835820896 0.046160989498249705
0 0.07564964776119404 0.5420511178529754 0.025030370149253734 0.058699239206534415
0 0.0529482089552239 0.5448104737456242 0.028074680597014928 0.05418264644107351
0 0.056718053731343296 0.5022909871645275 0.04139156417910448 0.05293352625437573
0 0.08086379104477613 0.46779550991831975 0.03160869850746269 0.03763121586931155
0 0.09939594626865675 0.44735322287047835 0.04332105671641791 0.04640563827304551
0 0.08782688955223882 0.30018522287047844 0.03951171940298508 0.045302366394399066
0 0.21066222089552242 0.5806844527421235 0.015883898507462687 0.020070609101516916
0 0.23873690149253735 0.5850763687281214 0.03289164179104478 0.05242776196032672
0 0.2234961671641791 0.5507079206534422 0.03994726567164179 0.04138798599766627
0 0.21435872238805972 0.5997505904317386 0.03322337910447762 0.017560606767794633
0 0.7548693850746269 0.2437372228704784 0.01766444776119403 0.03790644574095682
0 0.7053807223880598 0.25165302217036173 0.01395553432835821 0.05218311318553092
0 0.7200527641791046 0.2549134375729288 0.029858614925373138 0.025589320886814468
0 0.7413189313432837 0.2645723593932322 0.017810005970149256 0.04089163127187864
0 0.7270316597014926 0.28087914119019836 0.013011098507462687 0.030355267211201867
0 0.7174857492537313 0.28200828938156364 0.016380376119402986 0.031108032672112016
0 0.698873480597015 0.29731059976662777 0.02440300298507463 0.03562462543757292
0 0.6902110746268657 0.2574234399066512 0.020556429850746273 0.05017417036172695
0 0.6691141611940299 0.2472375822637107 0.02841431641791045 0.0383839813302217
0 0.6488172537313434 0.23055441773628935 0.029537032835820896 0.06171500583430572
0 0.6672760656716419 0.2727257502917153 0.027275802985074628 0.022124247374562426
0 0.6308470208955225 0.2236807281213536 0.041089164179104486 0.06497777362893815
0 0.6160147522388061 0.2555297642940491 0.029037170149253735 0.02586455075845974
0 0.6346179940298508 0.27697652275379236 0.026809791044776123 0.042117227537922984
0 0.617930704477612 0.27009107117852976 0.03354834626865672 0.025337614935822633
0 0.6262839402985075 0.30733178996499416 0.035134817910447765 0.02756768261376896
0 0.6494660597014926 0.3050852555425904 0.028238292537313435 0.04113863243873979
0 0.675462304477612 0.3212603033838973 0.03368600597014926 0.03485304084014002
0 0.6466508059701493 0.3378258483080513 0.01814512835820896 0.04690669778296382
0 0.6306867940298508 0.3417143523920654 0.02055191641791045 0.04816287514585764
0 0.7208550268656717 0.7943969194865811 0.026924883582089557 0.04224660910151692
0 0.6129670567164179 0.335943934655776 0.020373635820895523 0.042140751458576424
0 0.6018956059701492 0.29905372228704785 0.03545527164179105 0.03264179229871645
0 0.5936269970149254 0.32616033605600936 0.027291600000000003 0.04163969194865811
0 0.5610637074626866 0.30507349358226377 0.02759738507462687 0.03214073278879813
0 0.5482207343283583 0.2968095402567094 0.035634680597014926 0.02609038039673279
0 0.525196585074627 0.24612019603267218 0.033869928358208956 0.04864746791131855
0 0.5186983701492538 0.2823846721120187 0.03338811940298508 0.047918226371061835
0 0.5219074208955224 0.3023141376896149 0.02504503880597015 0.05265359159859976
0 0.4975224716417911 0.2626904457409569 0.026970017910447765 0.05218311318553092
0 0.5053916417910449 0.318244536756126 0.027917838805970152 0.03132915752625437
0 0.5395639701492537 0.32427842240373406 0.024066752238805972 0.03486480280046674
0 0.5696471283582091 0.3434668844807468 0.03160869850746269 0.03462015402567094
0 0.5369980835820896 0.3478446861143524 0.027914453731343287 0.04689023103850641
0 0.5092348298507463 0.3507310711785297 0.032104047761194035 0.026066856476079345
0 0.48797543283582095 0.3453487981330222 0.033869928358208956 0.03286526954492415
0 0.4976905970149254 0.36891976662777126 0.032089379104477615 0.024860079346557755
0 0.47498690149253736 0.38473489848308057 0.020055438805970154 0.0524324667444574
0 0.4500389014925374 0.3694208261376897 0.03369051940298508 0.027367729288214702
0 0.44610882985074635 0.40618636172695455 0.03545527164179105 0.03813227537922986
0 0.40230032238805974 0.40706380396732794 0.04060848358208956 0.036878450408401396
0 0.3695768059701493 0.37656974562427076 0.02968259104477612 0.027118375729288213
0 0.3506452119402986 0.37569230338389736 0.026790608955223883 0.037403033838973164
0 0.34831966567164185 0.4164710198366394 0.03529504477611941 0.041143337222870474
0 0.380647128358209 0.43528780396732786 0.0290405552238806 0.04515651808634773
0 0.3824051104477612 0.45974327187864644 0.026809791044776123 0.026838441073512253
0 0.35056509850746276 0.4440645787631272 0.02663038208955224 0.047659463243873976
0 0.3306721432835821 0.4399243687281213 0.030484853731343287 0.0433945764294049
0 0.3008214268656717 0.4517051481913652 0.04622432238805971 0.04337105250875145
0 0.2824494985074627 0.49335895449241546 0.027130244776119406 0.04992481680280046
0 0.303308328358209 0.4971227817969662 0.01686218507462687 0.0524324667444574
0 0.32288985671641796 0.5023897876312718 0.026473540298507466 0.04290057409568261
0 0.3470130268656717 0.4772003733955659 0.04238451940298508 0.02131737689614936
0 0.36185432238805976 0.49538906884480755 0.04425420895522388 0.029270814469078175
0 0.33631731940298515 0.4949679906651108 0.026872979104477616 0.03344866277712952
0 0.35503791044776123 0.5254949824970828 0.03676868059701493 0.025921008168028
0 0.32776097910447766 0.5306137876312719 0.03891030447761194 0.02905439439906651
0 0.2909268537313433 0.5188000746791132 0.02353303880597015 0.05477309684947491
0 0.25268905074626874 0.4314157666277713 0.04572784477611941 0.03595631271878646
0 0.24072168358208956 0.4439634259043174 0.05441394626865673 0.04222778996499417
0 0.2501479880597015 0.4743775029171528 0.048130119402985075 0.03240420070011669
0 0.22180475820895523 0.4770945157526254 0.04706382089552239 0.05289353558926488
0 0.2424604835820896 0.49852480746791134 0.046929546268656724 0.022578259043173864
0 0.24892033432835822 0.517889698949825 0.04542882985074627 0.025857493582263708
0 0.25217339104477615 0.5466806254375728 0.03473537910447761 0.04068932555425904
0 0.2808415880597015 0.577454618436406 0.03010121194029851 0.036377390898483075
0 0.28364781492537317 0.5553021423570594 0.03617516417910448 0.025514044340723453
0 0.2555911880597015 0.6040060676779464 0.023929092537313436 0.03431199066511085
0 0.2721306626865672 0.614349535589265 0.027015152238805976 0.04568815869311551
0 0.2831569791044776 0.6015948658109684 0.03032124179104478 0.04534470945157526
0 0.2502991880597015 0.6290072905484247 0.032089379104477615 0.029480177362893812
0 0.22708208955223885 0.6588309171528588 0.018537797014925375 0.03016942823803967
0 0.2676048179104478 0.6496918739789964 0.020410871641791048 0.02603157059509918
0 0.26192579104477615 0.6741755705950992 0.018096608955223883 0.033272233372228704
0 0.2512898865671642 0.6837427491248541 0.0184136776119403 0.03896737456242707
0 0.23132697313432837 0.7182241120186699 0.025481713432835822 0.05275944924154025
0 0.2571900716417911 0.7125336756126021 0.018522 0.02310284247374562
0 0.2704166865671642 0.7303812742123686 0.022727391044776123 0.022239514585764293
0 0.27372390447761197 0.7117597386231037 0.022724005970149258 0.023622721120186697
0 0.2828252417910448 0.7056411668611434 0.01907489552238806 0.03896737456242707
0 0.29125520597014926 0.7354647934655775 0.03242901492537314 0.03792996966161027
0 0.2435707880597015 0.7714140490081679 0.011798113432835822 0.023618016336056008
0 0.2604386149253732 0.8070151505250873 0.04709315820895523 0.035518767794632436
0 0.25785128955223885 0.7927902357059511 0.019186602985074627 0.04672085880980163
0 0.2486946626865672 0.8366694049008166 0.019194501492537312 0.05033883780630105
0 0.23949290149253735 0.8443382030338389 0.021724280597014926 0.03741479579929988
0 0.24075553432835822 0.9200240653442241 0.024488758208955227 0.022239514585764293
0 0.2112850746268657 0.38807059043173864 0.028899510447761196 0.06554234772462077
0 0.22994247761194034 0.36734131155192534 0.032869074626865676 0.06677970595099182
0 0.23939022089552242 0.4065650968494749 0.038742179104477616 0.03152911085180863
0 0.26598562388059704 0.38571114119019845 0.03921608955223881 0.0578476732788798
0 0.2783693552238806 0.4215874725787631 0.04461979701492538 0.0412139089848308
0 0.2843248298507463 0.3554217409568262 0.04318678208955225 0.05387448308051341
0 0.3055210388059702 0.3492184830805135 0.03858533731343284 0.05387448308051341
0 0.33283182089552243 0.3282351458576429 0.036679540298507465 0.06256186697782963
0 0.306155176119403 0.40309296616102686 0.03540675223880597 0.049404938156359386
0 0.33164027462686574 0.3798748564760794 0.025085659701492537 0.04617745624270712
0 0.3549724656716418 0.3375506184364061 0.027958459701492543 0.06926383197199533
0 0.37243832238805974 0.33531584597432906 0.020973922388059705 0.07820292182030339
0 0.38728413134328366 0.3319636872812135 0.020813695522388063 0.059586091015169186
0 0.4086405671641791 0.3235233045507585 0.032085994029850747 0.055605843640606764
0 0.3986433134328359 0.37925617736289385 0.03143605970149254 0.02953898716452742
0 0.41952471044776124 0.36424085880980156 0.016033970149253732 0.047170165694282375
0 0.43270393432835824 0.346612032672112 0.016354423880597015 0.04766652042007001
0 0.4392935462686568 0.31768701983663944 0.030801922388059705 0.041954912485414234
0 0.4396817014925373 0.2670423710618436 0.04399581492537313 0.04592810268378063
0 0.4470713194029851 0.3066378343057176 0.029216579104477614 0.03823107584597432
0 0.45985223283582094 0.34785174329054835 0.027786949253731343 0.024824793465577595
0 0.46676117014925383 0.31371382963827305 0.02985071641791045 0.05983073978996498
0 0.4801773492537314 0.30068157759626607 0.028100632835820896 0.06057644807467911
0 0.5513902925373135 0.2674140490081681 0.02032511641791045 0.05263242007001167
0 0.5587674985074628 0.2551110385064178 0.025891307462686572 0.06085167794632438
0 0.5761588835820896 0.21440995099183194 0.04001158208955224 0.03499888914819137
0 0.5984687820895523 0.2736220116686114 0.029690489552238807 0.044686039673278874
0 0.6058437313432836 0.22558146091015166 0.0349475104477612 0.06231721820303383
0 0.7051685910447762 0.33643087981330216 0.014447498507462688 0.06901918319719953
0 0.7226231641791045 0.33171433372228704 0.028119814925373136 0.028301628938156357
0 0.719687176119403 0.3519378483080514 0.022880847761194034 0.02510002333722287
0 0.7221492537313433 0.3135915052508752 0.03606007164179105 0.03475424037339556
0 0.8155186388059703 0.5252385717619603 0.012223504477611943 0.04593280746791132
0 0.8427481791044776 0.45956919486581094 0.01460772537313433 0.0412139089848308
0 0.8886272238805971 0.4364828191365227 0.03082110447761194 0.042204266044340716
0 0.9171882268656717 0.22162238506417736 0.03404820895522388 0.05491188798133022
0 0.8069476298507463 0.1686418109684948 0.03608940895522388 0.04964958693115519
0 0.8439149014925373 0.1750120886814469 0.025687074626865675 0.053933292882147016
0 0.7800656238805972 0.17576485414235704 0.03369051940298508 0.04389798833138856
0 0.6791497791044776 0.20198226371061845 0.026313313432835824 0.06271242007001165
0 0.6971888417910448 0.20861836172695453 0.02456322985074627 0.05340635705950992
0 0.7166834865671643 0.19759270011668617 0.01766444776119403 0.061458595099183194
0 0.748692752238806 0.1667340210035006 0.03322789253731343 0.04791116919486581
0 0.7282356179104479 0.20122949824970832 0.018306483582089552 0.04515181330221703
0 0.7418729552238806 0.21251627537922982 0.02793250746268657 0.034119094515752624
0 0.7595227343283583 0.20097779229871643 0.021514405970149256 0.052677115519253206
0 0.7806275462686568 0.20310905950991834 0.02197816119402985 0.03487185997666278
0 0.7911269194029852 0.21339371761960327 0.02376096716417911 0.04139504317386231
0 0.7705118149253732 0.2284466744457409 0.013978101492537314 0.047918226371061835
0 0.7833547880597016 0.1403942870478413 0.031283731343283584 0.060962240373395565
0 0.3264836776119403 0.5535943057176196 0.035138202985074626 0.02207719953325554
0 0.3540788059701493 0.5461936802800467 0.036417761194029855 0.029353148191365225
0 0.3394722089552239 0.5657585250875147 0.03964599402985075 0.0338626837806301
0 0.302979976119403 0.5727851201866977 0.033048483582089554 0.02583396966161027
0 0.3118827223880597 0.5898399626604433 0.03289164179104478 0.0258410268378063
0 0.3078714089552239 0.6225805554259042 0.019092949253731343 0.049172051341890316
0 0.3244774567164179 0.6198211995332554 0.027275802985074628 0.04214780863477246
0 0.2970414268656717 0.6643496289381564 0.01764977910447761 0.03286526954492415
0 0.3146099641791045 0.6678617502917154 0.02326448955223881 0.04089163127187864
0 0.3073828298507463 0.6904423617269546 0.019749653731343287 0.02834867677946324
0 0.33417795223880603 0.6896872438739791 0.039966447761194034 0.03637033372228705
0 0.3231065014925374 0.71552591831972 0.034190382089552246 0.03135268144690782
0 0.3206997134328359 0.7357188518086346 0.039966447761194034 0.026593792298716452
0 0.32190367164179107 0.767956032672112 0.016380376119402986 0.04290057409568261
0 0.3020953432835821 0.7537828704784132 0.037705217910447765 0.029101442240373393
0 0.296151152238806 0.7777396312718786 0.02841431641791045 0.03386738856476079
0 0.296151152238806 0.7993157712952158 0.02809273432835821 0.03537291948658109
0 0.34316194029850755 0.7353424690781797 0.021033725373134332 0.04189610268378063
0 0.3400341313432836 0.7708424177362893 0.02055191641791045 0.03813227537922986
0 0.3178122447761194 0.7985630058343056 0.02841431641791045 0.024836555425904315
0 0.31541222686567166 0.8154814095682613 0.02968259104477612 0.015584597432905483
0 0.31813269850746273 0.8339335729288215 0.03194382089552239 0.02232184830805134
0 0.2981641432835821 0.864914576429405 0.029201910447761197 0.03512356592765461
0 0.3172570925373135 0.8585160700116686 0.0189327223880597 0.03135973862310385
0 0.3185332656716418 0.8788360326721121 0.029537032835820896 0.0273465577596266
0 0.32543994626865674 0.8923716966161026 0.027917838805970152 0.027871141190198363
0 0.3383562626865672 0.863282016336056 0.025190597014925376 0.030858679113185527
0 0.34187899701492547 0.8910049568261377 0.014936077611940301 0.0336180350058343
0 0.3588122686567165 0.861778837806301 0.02149635223880597 0.022829964994165692
0 0.34204712238805973 0.8272857129521588 0.024548561194029855 0.042140751458576424
0 0.3478231880597016 0.8088500163360559 0.024869014925373138 0.03386738856476079
0 0.356077128358209 0.7860200513418902 0.026645050746268658 0.03386738856476079
0 0.3556776895522389 0.8348110151691949 0.026489337313432837 0.026085675612602097
0 0.3789478208955225 0.8320516592765461 0.029679205970149256 0.027591206534422402
0 0.3992357014925374 0.8350627211201865 0.016380376119402986 0.03912968961493582
0 0.4142451223880597 0.8531243873978998 0.030966662686567167 0.03160438739789965
0 0.38343078805970154 0.8661684014002332 0.026809791044776123 0.02609038039673279
0 0.40589414328358214 0.9030468518086348 0.02392119402985075 0.03311462310385064
0 0.4206553253731344 0.8772058249708284 0.029056352238805972 0.0336180350058343
0 0.4496214089552239 0.874197115519253 0.025025856716417914 0.017560606767794633
0 0.47319845373134334 0.8531243873978998 0.026649564179104482 0.026586735122520418
0 0.46766272835820905 0.831926982497083 0.025847301492537316 0.04189139789964994
0 0.5064963044776121 0.8499886487747957 0.023589456716417913 0.028343971995332555
0 0.49117545671641794 0.8634090455075845 0.009627152238805971 0.029101442240373393
0 0.5435504597014925 0.8215176476079347 0.028734770149253734 0.03913674679113185
0 0.5392277194029852 0.8644111645274212 0.02454517611940299 0.03512356592765461
0 0.5741955402985075 0.8481090875145858 0.0261677552238806 0.03612098016336056
0 0.5881544597014926 0.8519975915985998 0.01365313432835821 0.04289351691948658
0 0.6015593552238807 0.8591465110851809 0.01861226865671642 0.04364628238039673
0 0.5945003462686568 0.8239006207701283 0.01251462089552239 0.029353148191365225
0 0.6070883104477613 0.8090993698949824 0.017182638805970152 0.03487185997666278
0 0.5685074865671643 0.795803649941657 0.020857701492537316 0.04290057409568261
0 0.4497816358208956 0.7953025904317386 0.028556489552238808 0.026342086347724617
0 0.487645952238806 0.8021998039673279 0.025350823880597017 0.02207719953325554
0 0.8623579164179106 0.15582127421236874 0.02661909850746269 0.053937997666277715
0 0.9046792477611941 0.17045550525087522 0.025402728358208955 0.052263094515752624
0 0.883287832835821 0.20265034305717622 0.032888256716417916 0.03512356592765461
0 0.8853606268656717 0.23014039673278874 0.027675241791044778 0.03992950291715285
0 0.9152372955223882 0.23986048074679114 0.032100662686567166 0.04055994399066511
0 0.9454536000000001 0.2662002147024504 0.02889161194029851 0.04348396732788798
0 0.9002617253731344 0.2700675472578763 0.03397035223880598 0.03407910385064177
0 0.8723472716417912 0.2754098296382731 0.024066752238805972 0.04696550758459743
0 0.8720505134328359 0.24921829638273044 0.02042892537313433 0.046358590431738615
0 0.861942680597015 0.24229285414235702 0.026010913432835823 0.04214780863477246
0 0.8333624955223882 0.1960871691948658 0.031574847761194035 0.04064227771295216
0 0.8012088 0.21881362893815642 0.023104262686567168 0.04997186464410735
0 0.8126638925373135 0.21896653442240374 0.02214177313432836 0.05208196032672112
0 0.8198729731343284 0.23672474212368735 0.016962608955223883 0.04606218903150525
0 0.8435651104477613 0.24063912252042013 0.032346644776119406 0.02920024270711785
0 0.853953904477612 0.2144499416569429 0.035443988059701496 0.03461544924154025
0 0.8262301432835822 0.26156129754959156 0.03929507462686568 0.02529056709451575
0 0.8361438985074627 0.2823352718786465 0.027548865671641793 0.02709485180863477
0 0.820740680597015 0.31936192298716454 0.017153301492537316 0.04394974095682614
0 0.7827161373134329 0.2611119906651108 0.020813695522388063 0.04425319953325554
0 0.7665524059701493 0.26743522053675617 0.02194769552238806 0.01776056009334889
0 0.4052069731343284 0.47751794632438743 0.023100877611940303 0.04732307117852975
0 0.42854142089552244 0.45169338623103855 0.03511902089552239 0.026732583430571763
0 0.45151930746268665 0.47770143290548434 0.023358143283582093 0.043349880980163354
0 0.43638689552238813 0.46541724154025677 0.032831838805970154 0.03684316452742123
0 0.454534280597015 0.43940684247374556 0.023798202985074627 0.035403500583430565
0 0.46631546865671647 0.43146281446907825 0.02010057313432836 0.03251476312718786
0 0.47879285373134334 0.4350737362893815 0.014093194029850747 0.04118332788798133
0 0.49276869850746274 0.43994789264877476 0.01663425671641791 0.04298761260210034
0 0.38360681194029855 0.48944222170361723 0.02518269850746269 0.03865921120186697
0 0.41825982089552244 0.5188847607934656 0.030727450746268658 0.03828988564760793
0 0.4137554149253732 0.5448904550758459 0.019869259701492538 0.04407206534422404
0 0.43557673432835825 0.5423639859976663 0.02705577313432836 0.04190080746791132
0 0.4710523164179105 0.5002773395565927 0.028649014925373136 0.02781233138856476
0 0.5623793731343284 0.7024583803967329 0.02743602985074627 0.046662049008168026
0 0.18852044776119406 0.6378828658109685 0.024228107462686572 0.04515651808634773
0 0.2866943820895523 0.6380098949824972 0.019731600000000002 0.036377390898483075
0 0.23047619104477612 0.6357515985997665 0.021816805970149258 0.025337614935822633
0 0.21226674626865674 0.6218277899649941 0.015242991044776121 0.025589320886814468
0 0.21723942089552242 0.693324042007001 0.015560059701492539 0.03361097782963827
0 0.2112241432835821 0.6563232672112018 0.016686161194029853 0.029854207701283542
0 0.19758567761194035 0.6747613162193699 0.013477110447761195 0.04013886581096849
0 0.20520773731343286 0.7017291388564761 0.013638465671641793 0.04088692648774796
0 0.2303938208955224 0.7855166394399068 0.019414531343283584 0.043902693115519247
0 0.20994007164179107 0.7436205367561258 0.01764977910447761 0.04239716219369895
0 0.1935743641791045 0.7733500676779462 0.02214177313432836 0.04716546091015168
0 0.20817419104477616 0.8016987444574096 0.02823490746268657 0.02809697082847141
0 0.21130200000000005 0.8407061096849475 0.02454517611940299 0.040385866977829636
0 0.21483263283582094 0.8685607841306884 0.03449278208955224 0.01983772228704784
0 0.2592741492537313 0.9076881213535589 0.019734985074626867 0.019317843640606767
0 0.22068881194029855 0.9392972135355893 0.0365779880597015 0.02784761726954492
0 0.2084145313432836 0.9542254935822637 0.032888256716417916 0.03512356592765461
0 0.21515308656716423 0.9007885554259044 0.030962149253731346 0.03311462310385064
0 0.1792148776119403 0.9112002427071177 0.014921408955223881 0.0258410268378063
0 0.1891624835820896 0.8798405040840139 0.01813045970149254 0.04089163127187864
0 0.18178189253731344 0.8517458856476078 0.03706318208955224 0.04189139789964994
0 0.17937510447761196 0.8254061516919488 0.018452041791044777 0.01781231271878646
0 0.18378698507462687 0.8067163967327887 0.03401548656716418 0.031609092182030334
0 0.1636514328358209 0.8042087467911317 0.027115576119402986 0.03462015402567094
0 0.16902580298507466 0.7796215449241541 0.024388334328358213 0.02759591131855309
0 0.18402845373134333 0.7585488168028005 0.019414531343283584 0.046662049008168026
0 0.16862523582089556 0.7599273185530921 0.014279373134328359 0.032361857642940486
0 0.1761660537313433 0.7157776242707118 0.03610069253731344 0.03888033605600934
0 0.1746416417910448 0.6924465997666278 0.0301644 0.03135268144690782
0 0.17672797611940302 0.6735074912485414 0.02599285970149254 0.031609092182030334
0 0.15217941492537318 0.656699649941657 0.02214177313432836 0.05418970361726954
0 0.1624474746268657 0.6360009521586931 0.020216794029850747 0.04691375495915985
0 0.17375926567164182 0.616810137689615 0.021019056716417912 0.05519182263710618
0 0.18803976716417914 0.5804350991831972 0.0335336776119403 0.032608858809801626
0 0.18483071641791046 0.5497034492415404 0.03674272835820896 0.03837692415402567
0 0.16100430447761196 0.5692729988331389 0.028238292537313435 0.04138798599766627
0 0.14913059104477613 0.5762972415402566 0.030484853731343287 0.04540351925320886
0 0.1407096537313433 0.6344954212368729 0.022940650746268658 0.04540822403733955
0 0.1533021313432836 0.7535311645274212 0.017970232835820898 0.05218311318553092
0 0.1459215402985075 0.707372527421237 0.019253176119402984 0.044147341890315044
0 0.1362165313432836 0.7478854235705951 0.024223594029850748 0.0383839813302217
0 0.12121500895522391 0.7264363127187866 0.029197397014925377 0.039637806301050175
0 0.1245842865671642 0.6720019603267211 0.03625753432835822 0.045659929988331384
