0 0.2797379005524862 0.567557965583174 0.027707668508287292 0.02847455449330784
0 0.8638341215469614 0.5564969483747609 0.0376436685082873 0.03423923518164436
0 0.8786677127071824 0.5874346462715105 0.030927381215469618 0.026275456978967493
0 0.8946899005524862 0.5960768489483749 0.04086457458563537 0.041869583173996174
0 0.8273790497237569 0.6191317170172084 0.036945546961325966 0.01881856978967495
0 0.8601239337016574 0.6307420267686424 0.038622232044198894 0.024747074569789675
0 0.8377351160220995 0.6459988680688337 0.033306961325966854 0.030850967495219886
0 0.8251402872928176 0.6548126042065009 0.026310232044198897 0.027801912045889103
0 0.796312044198895 0.6397272963671129 0.019033060773480666 0.03797249713193117
0 0.7947725966850829 0.6604057514340345 0.03050850828729282 0.024407862332695984
0 0.7701438232044199 0.659050829827916 0.020714519337016575 0.029833330783938815
0 0.80897608839779 0.6787135755258126 0.03400508287292818 0.019664673040152965
0 0.8116361104972376 0.6592204359464627 0.015813348066298343 0.03152939196940726
0 0.8501867403314918 0.6766763747609942 0.0282673591160221 0.029494118546845124
0 0.8514481325966851 0.694899395793499 0.018192928176795582 0.022542195028680687
0 0.8496282430939226 0.7115111586998089 0.025745767955801104 0.028648015296367114
0 0.8350058784530388 0.7229537896749522 0.021968751381215467 0.021356879541108986
0 0.8148534364640885 0.7062591510516253 0.024490342541436463 0.033053919694072655
0 0.8275890828729282 0.6852376290630976 0.025612110497237568 0.0171225086042065
0 0.7912056132596685 0.7034606500956023 0.02057250828729282 0.03898627915869981
0 0.7795201325966851 0.7094778126195028 0.02379222099447514 0.04051658891013384
0 0.7797313591160222 0.736767051625239 0.03736441988950276 0.025936244741873806
0 0.768814408839779 0.7205793040152964 0.021409060773480666 0.022376443594646273
0 0.7524401767955802 0.7039694684512428 0.01889104972375691 0.03966084894837476
0 0.7933047513812155 0.7537180267686425 0.03400508287292818 0.020171564053537285
0 0.783788817679558 0.7628729024856595 0.027844906077348068 0.029999082217973233
0 0.78910408839779 0.800334653919694 0.01973118232044199 0.03508533843212237
0 0.7504806629834254 0.7283792581261951 0.027569237569060778 0.028135342256214148
0 0.7562195801104973 0.7510081835564053 0.021128618784530387 0.0313578585086042
0 0.7425769723756906 0.7497361376673041 0.022952088397790057 0.03729407265774378
0 0.7565704309392265 0.7828748604206502 0.0237886408839779 0.029326439770554494
0 0.7693048839779006 0.8119430363288719 0.02490921546961326 0.03491958699808795
0 0.754051226519337 0.8102469751434034 0.031630276243093926 0.03254317399617591
0 0.7548197569060773 0.8283023173996177 0.02560733701657459 0.023900971319311664
0 0.7341100110497237 0.8661842294455067 0.029806806629834256 0.03457844741873805
0 0.7212347403314918 0.8471999082217972 0.016092596685082873 0.03186860420650096
0 0.7117188066298342 0.8021983938814532 0.04492083977900553 0.029320657743785852
0 0.7079394033149171 0.779488520076482 0.033164950276243096 0.02187340726577438
0 0.68379991160221 0.7826185239005736 0.020150055248618785 0.03898627915869981
0 0.6630901657458563 0.7910930478011472 0.018752618784530387 0.03220781644359465
0 0.6483973922651933 0.795248397705545 0.028547801104972376 0.020849988527724666
0 0.639721591160221 0.7796523441682601 0.028828243093922654 0.033053919694072655
0 0.7357174806629834 0.6901542791586999 0.01958917127071823 0.025253965583173995
0 0.7133990718232044 0.7021038011472275 0.01917507182320442 0.018303969407265773
0 0.6959078453038675 0.7410920076481836 0.013575779005524863 0.04000391586998088
0 0.6829609723756906 0.7315979196940725 0.0159553591160221 0.03796864244741874
0 0.6973756906077349 0.7070204512428298 0.01931350276243094 0.028135342256214148
0 0.7157058563535912 0.6807469216061185 0.032186386740331495 0.029152978967495222
0 0.6784130386740332 0.6900675487571702 0.027844906077348068 0.029833330783938815
0 0.6877189392265194 0.7581277858508604 0.012872883977900552 0.019153927342256214
0 0.6695976132596685 0.7572759005736138 0.01973118232044199 0.035424550669216064
0 0.6677073149171271 0.7293949674952198 0.021270629834254144 0.023733292543021034
0 0.6968840220994476 0.6692214149139579 0.023090519337016578 0.026103923518164436
0 0.6536482209944752 0.7357417055449331 0.016657060773480663 0.035750271510516254
0 0.6350328397790056 0.7243935143403443 0.020011624309392264 0.030340221797323135
0 0.6348932154696132 0.7517675564053538 0.0214126408839779 0.030850967495219886
0 0.6259369723756906 0.7598219196940728 0.020011624309392264 0.03339313193116635
0 0.6109649502762432 0.7188851701720842 0.023090519337016578 0.025429353728489486
0 0.6048047734806631 0.7539743632887188 0.027288795580110495 0.024068650095602297
0 0.6243271160220994 0.8118582332695986 0.018472176795580112 0.03407348374760994
0 0.6057141215469614 0.8027900879541109 0.02434833149171271 0.02407250478011472
0 0.6192899005524862 0.7905032810707456 0.019029480662983423 0.024240183556405354
0 0.5813645966850829 0.7416837017208413 0.01707235359116022 0.029326439770554494
0 0.5666730165745857 0.7029499043977054 0.022391204419889503 0.017290187380497132
0 0.5674427403314918 0.7499886195028681 0.019171491712707184 0.02966565200764818
0 0.559393458563536 0.7412577590822179 0.025189657458563535 0.03796864244741874
0 0.5710813259668509 0.778041086042065 0.028128928176795583 0.026103923518164436
0 0.5475707403314918 0.7390548068833651 0.02365020994475138 0.03796864244741874
0 0.5249014806629835 0.7516846806883365 0.016092596685082873 0.0405108068833652
0 0.5120954254143646 0.7491425162523901 0.01707235359116022 0.037800963671128104
0 0.5369354254143647 0.7672788068833651 0.013011314917127072 0.025936244741873806
0 0.5422530828729282 0.7866023403441683 0.013575779005524863 0.02491860803059273
0 0.5468010165745857 0.7679572313575526 0.012316773480662985 0.022542195028680687
0 0.5623339226519336 0.8116886271510515 0.01986961325966851 0.020510776290630976
0 0.5490409723756906 0.8138954340344169 0.014554342541436465 0.032714707456978964
0 0.530848044198895 0.816688152963671 0.026866342541436463 0.026103923518164436
0 0.5416945856353591 0.8447425468451242 0.01945193370165746 0.03136171319311663
0 0.520353546961326 0.8305052695984705 0.025749348066298344 0.022542195028680687
0 0.5263001104972376 0.8585577361376674 0.029806806629834256 0.032203961759082224
0 0.5106275801104972 0.8511008489483748 0.024767204419889506 0.02746269980879541
0 0.5055187624309392 0.8775497667304016 0.03134625414364641 0.03151590057361376
0 0.500340729281768 0.8447425468451242 0.02155107182320442 0.0340677017208413
0 0.5029303425414365 0.8238116099426386 0.034841635359116024 0.025425499043977055
0 0.5237809060773481 0.8027072122370936 0.016092596685082873 0.028648015296367114
0 0.5143353812154696 0.7955876099426386 0.02267164640883978 0.03983816443594646
0 0.500406364640884 0.7879572619502869 0.020584441988950278 0.02966565200764818
0 0.4943941657458564 0.8055866615678775 0.03148826519337017 0.0289872275334608
0 0.4802646629834254 0.8172027533460803 0.023094099447513814 0.03458808413001912
0 0.4815881104972376 0.8312684971319312 0.0282673591160221 0.022376443594646273
0 0.4684347845303867 0.8381356175908221 0.015671337016574586 0.04085001912045889
0 0.46031748066298345 0.8358420803059272 0.02099018784530387 0.02847455449330784
0 0.44478696132596685 0.8394038087954111 0.018192928176795582 0.03932549139579349
0 0.4576598453038674 0.8156724435946463 0.02715036464088398 0.026443135755258126
0 0.13902165745856354 0.11115560994263857 0.02719809944751381 0.03862393881453154
0 0.12773834254143643 0.11766809942638622 0.024072662983425416 0.04316861185468451
0 0.11867230939226517 0.1483436787762906 0.019696574585635358 0.046200321223709366
0 0.1297694585635359 0.16292209560229445 0.01625489502762431 0.04809297131931166
0 0.13977228729281765 0.15951455449330784 0.01250532596685083 0.04203147992351817
0 0.15040282872928176 0.16708708221797328 0.025634784530386742 0.039761070745697895
0 0.176974408839779 0.15781078393881454 0.04064380110497238 0.037112902485659655
0 0.18885679558011048 0.1790173307839388 0.038141303867403324 0.03181078393881453
0 0.20136092817679557 0.15194009942638625 0.033141082872928176 0.039761070745697895
0 0.20495655248618783 0.12846314340344173 0.03032353591160221 0.023103051625239006
0 0.22699451933701653 0.13849881453154872 0.021258696132596688 0.05225603059273423
0 0.21542837569060774 0.16178496367112813 0.024384132596685083 0.0511227533460803
0 0.2223081546961326 0.18583048565965585 0.022509348066298344 0.04771521223709369
0 0.23340530386740332 0.1833692695984703 0.01782179005524862 0.04279085277246654
0 0.244502453038674 0.16292209560229445 0.031262718232044205 0.045816780114722754
0 0.24778541436464085 0.14020258508604203 0.033448972375690604 0.038246179732313576
0 0.25403867403314917 0.20457581644359468 0.022822011049723756 0.0511227533460803
0 0.27764353591160224 0.17541898279158696 0.028761414364640886 0.05339316252390057
0 0.29311677348066295 0.16992798470363288 0.02719809944751381 0.037112902485659655
0 0.3110948950276243 0.16424810707456983 0.026886629834254147 0.03483671128107075
0 0.3212552486187845 0.14644910133843217 0.03782983425414365 0.03862779349904398
0 0.3203148729281768 0.1846952810707457 0.03532733701657459 0.03181078393881453
0 0.3504856574585635 0.17503929636711277 0.033141082872928176 0.026132833652007647
0 0.34626470718232044 0.19643472275334609 0.03720212154696133 0.03484249330783939
0 0.3373538121546961 0.21840064244741875 0.04376923756906078 0.025751219885277246
0 0.14211725966850827 0.22521572466539194 0.031574187845303865 0.0530154034416826
0 0.11835845303867402 0.2087446577437858 0.03470439779005525 0.05187827151051625
0 0.11226152486187845 0.24149791204588908 0.03501228729281768 0.046200321223709366
0 0.3114051712707182 0.23714597323135758 0.031262718232044205 0.0321885430210325
0 0.30046554696132594 0.25532273804971317 0.031262718232044205 0.04203147992351817
0 0.30796707182320443 0.2846665239005737 0.033141082872928176 0.02878100191204589
0 0.33782519337016576 0.250776137667304 0.024072662983425416 0.045061261950286806
0 0.3509546519337017 0.2556985697896749 0.024695602209944753 0.04278699808795411
0 0.37283748066298344 0.25986355640535375 0.021570165745856355 0.04127596175908222
0 0.38846824309392264 0.22711030210325048 0.026575160220994477 0.042413093690248566
0 0.3925352486187845 0.2952707609942638 0.03970461878453039 0.046959694072657744
0 0.4209828066298342 0.2373309980879541 0.023448530386740333 0.03862393881453154
0 0.43677109392265195 0.27539022562141496 0.03376521546961326 0.049607862332695984
0 0.4580309834254143 0.2502075717017208 0.031262718232044205 0.04013882982791587
0 0.47037878453038673 0.2746327801147227 0.03157896132596685 0.045061261950286806
0 0.4722547624309392 0.3039804206500957 0.02844875138121547 0.02651059273422562
0 0.475848 0.3251888948374761 0.019383911602209945 0.03181078393881453
0 0.4880406629834254 0.3138272122370937 0.01813325966850829 0.03862393881453154
0 0.5052371270718232 0.270278913957935 0.026881856353591162 0.042413093690248566
0 0.5302465856353592 0.24168679158699805 0.037517171270718234 0.02915876099426386
0 0.5400942762430939 0.2691437093690249 0.03532733701657459 0.031806929254302105
0 0.5229001988950276 0.2890223173996176 0.020947226519337017 0.04127596175908222
0 0.5616668287292818 0.32499616061185466 0.036577988950276245 0.03749066156787763
0 0.5830818563535911 0.2988691089866156 0.026258917127071825 0.045816780114722754
0 0.6118432707182321 0.2846665239005737 0.031262718232044205 0.029536520076481835
0 0.5649485966850829 0.3446878164435947 0.03001564640883978 0.0359757705544933
0 0.420044817679558 0.31420497131931163 0.03345255248618785 0.04317439388145316
0 0.42567275138121546 0.3331391816443594 0.025947447513812155 0.04543902103250478
0 0.4420851712707182 0.3429840458891013 0.02626249723756906 0.03938331166347993
0 0.4538100331491713 0.3253758470363289 0.025947447513812155 0.035220252390057355
0 0.4516213922651934 0.3611627380497132 0.024072662983425416 0.03938331166347993
0 0.4544329723756906 0.3776338049713194 0.024700375690607738 0.0359757705544933
0 0.49429511602209947 0.371007602294455 0.038141303867403324 0.029540374760994265
0 0.48241511602209947 0.39656994263862333 0.028137281767955803 0.035214470363288716
0 0.3972216132596685 0.33370774760994265 0.038452773480662984 0.04279085277246654
0 0.40660150276243096 0.3653296520076482 0.029700596685082875 0.04089820267686424
0 0.42551641988950273 0.36703342256214155 0.030639779005524864 0.03445895219885277
0 0.36955571270718235 0.3658962906309751 0.035638806629834256 0.026132833652007647
0 0.3978469392265193 0.379719189292543 0.031574187845303865 0.032566302103250476
0 0.3836219668508287 0.3969477017208414 0.025634784530386742 0.028399388145315486
0 0.4023817458563536 0.41720792351816444 0.024384132596685083 0.042409239005736135
0 0.4172308508287293 0.4393588680688337 0.022822011049723756 0.0458225621414914
0 0.38565666298342544 0.42288587380497134 0.02844875138121547 0.03483671128107075
0 0.44427381215469613 0.4624599923518165 0.020008044198895028 0.039761070745697895
0 0.37240667403314914 0.4264456749521988 0.030299668508287293 0.03315028680688337
0 0.392321635359116 0.44893775908221795 0.0383620773480663 0.021902317399617593
0 0.3597020552486188 0.4501230745697896 0.026388994475138122 0.04261931931166348
0 0.35078280662983424 0.4184529866156787 0.03200857458563536 0.03255666539196941
0 0.33624278453038675 0.39670292925430206 0.03567460773480663 0.03225214531548757
0 0.31376207734806627 0.3816060573613767 0.021503337016574586 0.04469313957934991
0 0.2859076243093922 0.38412123900573614 0.04104954696132597 0.03847553346080306
0 0.28725255248618786 0.4043949521988528 0.04080490607734807 0.02515759847036329
0 0.29922682872928175 0.41741800382409183 0.03591924861878453 0.024569759082217976
0 0.2874971933701657 0.42422537667304017 0.029076464088397792 0.03108032122370937
0 0.30704340331491714 0.4317728489483747 0.020283712707182322 0.03610875717017209
0 0.3212170607734806 0.4313276328871893 0.015394475138121548 0.04528676099426386
0 0.33123540331491713 0.4258520535372849 0.017837303867403315 0.04617141108986616
0 0.3424745635359116 0.4449443059273422 0.01539089502762431 0.04114297514340345
0 0.34846050828729286 0.47468897896749523 0.03469604419889503 0.03078351051625239
0 0.34638523756906076 0.5019184703632887 0.02272296132596685 0.040846164435946464
0 0.3769271602209945 0.476612466539197 0.028590762430939227 0.03936403824091778
0 0.32756937016574583 0.46728798470363286 0.01979443093922652 0.030191816443594643
0 0.3135174364640884 0.45648908604206495 0.01563911602209945 0.031668160611854686
0 0.3013020994475138 0.4600392504780114 0.029321104972375694 0.024565904397705545
0 0.2717363535911602 0.43991394263862327 0.02443544751381216 0.035220252390057355
0 0.2812642209944751 0.46639947992351816 0.0395852817679558 0.028412879541108986
0 0.31535045303867404 0.47897924282982796 0.03494068508287293 0.01864703632887189
0 0.3201155801104972 0.49718299043977054 0.033721060773480666 0.030191816443594643
0 0.2971479779005525 0.505763518164436 0.021014055248618786 0.043212940726577435
0 0.2664819447513812 0.47631565583174 0.0373835138121547 0.027528229445506692
0 0.2783344972375691 0.5001433881453154 0.02443544751381216 0.03610875717017209
0 0.2614674033149171 0.4936328260038241 0.027868773480662985 0.034329820267686426
0 0.24278161325966846 0.4940761147227533 0.023701524861878456 0.0423225086042065
0 0.24583425414364637 0.3515626462715105 0.027367558011049724 0.05682575908221797
0 0.4026096795580111 0.46918834416826 0.040335911602209944 0.026009483747609943
0 0.42509993370165744 0.4695410478011472 0.020312353591160223 0.04006751816443594
0 0.41174970165745856 0.4890457514340344 0.03772243093922652 0.02495715487571702
0 0.3883918674033149 0.49853598470363286 0.01537896132596685 0.04042022179732314
0 0.37664194475138124 0.501876068833652 0.018571226519337018 0.04147640535372849
0 0.3653228287292818 0.533330294455067 0.03307783425414365 0.029866095602294453
0 0.39405082872928177 0.5233158240917781 0.025536928176795582 0.03163539579349905
0 0.37852627624309393 0.5572331931166348 0.031630276243093926 0.030579212237093693
0 0.40377082872928177 0.541242034416826 0.02930917127071823 0.037255525812619504
0 0.4001441767955801 0.5718231739961759 0.021472309392265194 0.04217410325047801
0 0.43830338121546963 0.5159360305927343 0.03105029834254144 0.035152795411089864
0 0.3885374585635359 0.5888685889101338 0.03481896132596685 0.02917225239005736
0 0.3714161767955801 0.598536137667304 0.037142453038674035 0.025306003824091778
0 0.36807951381215465 0.6161077170172085 0.026404508287292818 0.03023036328871893
0 0.4175554475138122 0.5874635564053537 0.02437697237569061 0.035501644359464624
0 0.43830338121546963 0.5837726959847036 0.025824530386740333 0.04780579732313575
0 0.18932937016574586 0.296136137667304 0.022983116022099445 0.04454087954110898
0 0.2106393812154696 0.354852619502868 0.026322165745856354 0.039479678776290626
0 0.22693485082872925 0.36472253919694075 0.025489193370165746 0.05111889866156788
0 0.12288848618784529 0.31233352198852765 0.044712 0.03239476864244742
0 0.09217591160220992 0.3439689177820268 0.038440839779005524 0.02986224091778203
0 0.1738668729281768 0.37762802294455067 0.04220234254143647 0.03644411472275334
0 0.20562483977900553 0.3920522523900573 0.03468411049723757 0.03897278776290631
0 0.20144565745856352 0.41660081070745697 0.032174453038674035 0.049598225621414915
0 0.17512229834254142 0.4095159005736138 0.029668375690607738 0.0354303326959847
0 0.1450350497237569 0.3793992504780115 0.026322165745856354 0.04909711663479924
0 0.11933701657458562 0.37509742256214146 0.028414143646408842 0.047576443594646266
0 0.10492110497237567 0.38521982409177824 0.023819668508287293 0.050612007648183556
0 0.06543367955801105 0.3454857361376673 0.025075093922651934 0.05010511663479923
0 0.08883328176795578 0.3986321988527725 0.03259332596685083 0.034923441682600385
0 0.07107474033149168 0.3897741338432123 0.025489193370165746 0.041501460803059276
0 0.053315005524861854 0.3697818126195029 0.022565436464088397 0.04201220650095602
0 0.04495783425414363 0.39660848948374766 0.02674461878453039 0.03087409560229445
0 0.0719100994475138 0.41862452007648177 0.03719018784530387 0.02834156787762906
0 0.05921622099447512 0.4326420803059274 0.023579801104972375 0.03807850095602294
0 0.07433144751381214 0.44069644359464627 0.01430492817679558 0.027343204588910132
0 0.08047730386740329 0.45400088718929255 0.01934453038674033 0.03636702103250478
0 0.04652353591160219 0.42690630975143395 0.01511403314917127 0.02025829445506692
0 0.06294550276243092 0.4593704627151052 0.02660260773480663 0.030999372848948378
0 0.08863876243093921 0.47841067686424477 0.030828331491712706 0.02367547227533461
0 0.05649533701657457 0.4802377973231357 0.038286895027624314 0.029779365200764817
0 0.10284464088397788 0.49317604588910136 0.02055222099447514 0.04442138432122371
0 0.12027619889502762 0.48682930783938816 0.026803093922651938 0.04978903250478011
0 0.09266758011049721 0.5084309598470363 0.026803093922651938 0.03734225621414914
0 0.06788247513812154 0.5090399999999999 0.013902762430939228 0.02636218738049713
0 0.07624441988950273 0.5152653154875717 0.01975146961325967 0.023187854684512427
0 0.05035067403314915 0.5133148451242829 0.027206453038674035 0.029536520076481835
0 0.026169414364640858 0.5284483365200765 0.01994837569060774 0.03246222562141492
0 0.013673635359116 0.5654263250478012 0.02196517127071823 0.04052044359464627
0 0.03292030939226518 0.5659139426386233 0.016930342541436466 0.04490900191204589
0 0.04803195580110495 0.589834187380497 0.01652340331491713 0.037099411089866155
0 0.05125644198895025 0.5396770325047802 0.034660243093922655 0.015378263862332696
0 0.07372521546961323 0.5760440535372849 0.020757480662983427 0.04027181644359465
0 0.08128282872928175 0.5447999082217974 0.019747889502762433 0.034909950286806886
0 0.10233984530386737 0.5721373307839389 0.03566744751381216 0.028561284894837478
0 0.10506072928176793 0.6063110363288718 0.028614629834254144 0.05540723518164436
0 0.12541365745856353 0.5472418508604207 0.021759911602209945 0.041252833652007645
0 0.1258170165745856 0.516851518164436 0.03788472928176796 0.02880027533460803
0 0.1130205082872928 0.5354021873804972 0.02720167955801105 0.03026312810707457
0 0.13942024309392265 0.49732368642447417 0.027206453038674035 0.037099411089866155
0 0.15443164640883975 0.4943960535372849 0.02982590055248619 0.039541353728489485
0 0.14788243093922648 0.5234430286806884 0.026397348066298346 0.031248
0 0.15997246408839777 0.5291787992351816 0.028414143646408842 0.025138325047801148
0 0.16299646408839777 0.5460199158699809 0.03083310497237569 0.024163089866156787
0 0.14747787845303864 0.5640829674952199 0.029218475138121546 0.020749766730401527
0 0.13851208839779003 0.5851970019120459 0.019747889502762433 0.038072718929254304
0 0.1612839779005525 0.6060681912045889 0.03627129281767956 0.02221261950286807
0 0.1421387403314917 0.6081420114722753 0.01773467403314917 0.03319847036328872
0 0.15664773480662983 0.6252279005736138 0.027810298342541437 0.02538309751434034
0 0.1833481988950276 0.5867851319311663 0.03365065193370166 0.024650707456978966
0 0.16843703867403315 0.5693330478011474 0.033654232044198894 0.027337422562141493
0 0.1843625635359116 0.5468756558317399 0.034471690607734806 0.023924099426386233
0 0.17599226519337016 0.5180734531548756 0.021763491712707184 0.03807850095602294
0 0.19171014364640884 0.5220996711281071 0.02256901657458564 0.03978419885277247
0 0.1970516685082873 0.5612748298279159 0.03244654143646409 0.021482156787762906
0 0.18173595580110496 0.6087510516252389 0.018334939226519336 0.03246608030592734
0 0.2035006408839779 0.589834187380497 0.024380552486187847 0.03222323518164436
0 0.19463509392265194 0.6187616673040153 0.018338519337016575 0.03392893307839388
0 0.2190168397790055 0.615708757170172 0.0396998453038674 0.025386952198852772
0 0.24410386740331488 0.6342613537284895 0.01934453038674033 0.04344614913957935
0 0.2596212596685083 0.6514686653919695 0.01773467403314917 0.03832134608030593
0 0.2461182762430939 0.6822213384321224 0.0290167955801105 0.02563172466539197
0 0.2681860773480663 0.6829537284894839 0.020351734806629836 0.03441655066921606
0 0.2660714254143646 0.7061415831739961 0.0290167955801105 0.026119342256214147
0 0.2898552928176796 0.7098073881453155 0.02458939226519337 0.0280601759082218
0 0.2818883535911602 0.6818532160611853 0.016728662983425416 0.030754600382409174
0 0.27564106077348066 0.6399951969407267 0.017936353591160224 0.03785878393881453
0 0.2925690165745856 0.6496357629063098 0.023575027624309394 0.04051658891013384
0 0.27483434254143646 0.6136349369024856 0.015919558011049724 0.02172500191204589
0 0.290956773480663 0.6208354875717016 0.020753900552486187 0.0390537361376673
0 0.26113445303867405 0.5854437017208414 0.019144044198895028 0.03856611854684512
0 0.28934453038674035 0.5961828527724665 0.034459756906077346 0.04052044359464627
0 0.30637272928176795 0.7013829751434034 0.03264344751381216 0.02245160994263862
0 0.3094969723756906 0.672093154875717 0.025189657458563535 0.02831651242829828
0 0.3365996022099447 0.6986981873804972 0.03586793370165746 0.03172983556405353
0 0.33569264088397793 0.6511005430210325 0.02317644198895028 0.02977551051625239
0 0.3318619226519337 0.6220554952198852 0.03526408839779006 0.0278288948374761
0 0.36259239779005525 0.6323051013384321 0.03183911602209945 0.02636218738049713
0 0.3690425635359116 0.6525653231357552 0.03345255248618785 0.031242217973231356
0 0.3573558895027624 0.68234468833652 0.0322412817679558 0.019525904397705542
0 0.3847592486187845 0.6825875334608031 0.03264344751381216 0.024899334608030593
0 0.39574183425414367 0.6227859579349904 0.034459756906077346 0.031242217973231356
0 0.40330064088397793 0.6447538049713193 0.02821246408839779 0.034661323135755255
0 0.41458395580110496 0.6686759770554492 0.03345255248618785 0.029291747609942638
0 0.37317281767955796 0.7119987762906309 0.030828331491712706 0.022700237093690248
0 0.3907046187845304 0.7342152504780115 0.03405281767955801 0.027094577437858508
0 0.3618883093922652 0.7246922523900573 0.020753900552486187 0.042228068833652
0 0.3532220552486188 0.7394614760994265 0.019546209944751383 0.037585101338432125
0 0.34183730386740335 0.7449544015296365 0.015717878453038674 0.03783372848948375
0 0.35947054143646406 0.7669203212237095 0.028010784530386742 0.028067885277246653
0 0.35604556906077345 0.7847386003824092 0.02115964640883978 0.030999372848948378
0 0.34445675138121545 0.7892543632887189 0.020153635359116025 0.032217453154875716
0 0.333072 0.7970639541108987 0.016728662983425416 0.029779365200764817
0 0.3775059447513812 0.7787580573613767 0.020150055248618785 0.04100806118546845
0 0.3728708950276243 0.8045092772466539 0.020959160220994474 0.039296581261950285
0 0.3925173480662983 0.8108540879541107 0.030426165745856357 0.026119342256214147
0 0.3962442430939227 0.7925520458891013 0.028614629834254144 0.03490416826003824
0 0.3705521767955801 0.8447868757170172 0.01632172375690608 0.03832134608030593
0 0.3877844419889503 0.8342886424474187 0.027810298342541437 0.030024137667304013
0 0.39010077348066297 0.8513726042065008 0.025993988950276242 0.03148699043977055
0 0.3488913149171271 0.8867682447418739 0.026195668508287293 0.03490416826003824
0 0.3586638232044199 0.915082829827916 0.017936353591160224 0.03637280305927342
0 0.3850611712707182 0.8915268527724665 0.019546209944751383 0.042958531548757166
0 0.3765977900552486 0.9320472963671128 0.022367337016574586 0.02684980497131931
0 0.33317462983425417 0.8629694225621415 0.02297118232044199 0.024411717017208415
0 0.4108558674033149 0.9176442676864244 0.031231690607734806 0.03026312810707457
0 0.4081349834254144 0.95108365583174 0.03586793370165746 0.022457391969407263
0 0.38697653038674035 0.9487650630975143 0.017332508287292818 0.028555502868068832
0 0.42969560220994474 0.9856235564053537 0.03264344751381216 0.022700237093690248
0 0.4551895690607735 0.9797644359464627 0.020757480662983427 0.02563172466539197
0 0.4395719337016575 0.9619442294455066 0.028614629834254144 0.01928305927342256
0 0.451862453038674 0.9499850707456978 0.031436950276243096 0.019770676864244743
0 0.4157928397790055 0.9338782715105163 0.028208883977900553 0.02367547227533461
0 0.4450113149171271 0.921672413001912 0.033448972375690604 0.02465648948374761
0 0.4606289502762431 0.9331439541108986 0.031235270718232046 0.021233529636711282
0 0.4718132154696133 0.9505998929254302 0.020959160220994474 0.02684980497131931
0 0.49196327071823204 0.9285067686424475 0.028614629834254144 0.028067885277246653
0 0.5089914696132597 0.9250895908221798 0.019546209944751383 0.03295369789674952
0 0.4718132154696133 0.922040535372849 0.024582232044198897 0.023920244741873806
0 0.5198738121546962 0.8900640000000001 0.017529414364640887 0.04052044359464627
0 0.5017381657458564 0.8971431281070744 0.026397348066298346 0.02684980497131931
0 0.4801751602209945 0.8972645506692161 0.030027580110497238 0.02660695984703633
0 0.4585142983425415 0.9110546845124283 0.03305038674033149 0.01708396175908222
0 0.4378594475138121 0.9014121912045889 0.031235270718232046 0.03148699043977055
0 0.456600132596685 0.8893296826003823 0.018740685082872927 0.030754600382409174
0 0.47352570165745855 0.8793229216061185 0.02720167955801105 0.02587456978967495
0 0.3562472486187845 0.846494500956023 0.020757480662983427 0.03441655066921606
0 0.4318269613259669 0.884707915869981 0.016677348066298343 0.032772527724665386
0 0.419467226519337 0.8760194569789674 0.014578209944751381 0.031219089866156787
0 0.42652123756906074 0.8555395181644359 0.029151646408839778 0.0202004741873805
0 0.41205520441988946 0.860481223709369 0.021467535911602213 0.028393606118546844
0 0.4360825193370166 0.8662728871892925 0.02379222099447514 0.02048186615678776
0 0.45112256353591157 0.8640834263862333 0.027533436464088398 0.04039709369024856
0 0.47999018784530384 0.8666969024856597 0.03300265193370166 0.021327969407265772
0 0.48149980110497237 0.8520760841300191 0.028816309392265194 0.031076466539196938
0 0.41321993370165744 0.8280633269598471 0.03196561325966851 0.026558776290630977
0 0.4223158011049724 0.834489086042065 0.030797303867403317 0.027825040152963672
0 0.43100592265193366 0.8014370936902485 0.03558033149171271 0.026414225621414916
0 0.4199266740331492 0.7931745774378585 0.02484954696132597 0.03983238240917782
0 0.4180626298342542 0.7644995793499044 0.024616839779005528 0.03841771319311663
0 0.38308137016574584 0.7579292695984704 0.02063933701657459 0.0320651931166348
0 0.3960258563535911 0.7575071816443596 0.017608176795580112 0.03856033652007648
0 0.4097806408839779 0.7529143250478012 0.02181958011049724 0.03842349521988527
0 0.4349702983425415 0.7598373384321223 0.02484954696132597 0.042093154875717013
0 0.4510628950276243 0.7557417361376674 0.025552441988950278 0.0454833499043977
0 0.4473897016574586 0.7801071969407265 0.030800883977900553 0.029804420650095604
0 0.45561560220994474 0.7988236175908221 0.026937944751381216 0.022037231357552582
0 0.46931907182320437 0.7907017973231358 0.03195367955801105 0.02387206118546845
0 0.47503292817679554 0.77770765583174 0.0333499226519337 0.02500533843212237
0 0.4754995359116022 0.7531282600382408 0.025189657458563535 0.03912504780114722
0 0.48604892817679557 0.760966760994264 0.02205228729281768 0.0259902103250478
0 0.461150453038674 0.7209223709369025 0.03009918232044199 0.027543648183556403
0 0.4307767955801105 0.728055464627151 0.03416738121546962 0.01666765583173996
0 0.413926408839779 0.704888810707457 0.036384662983425416 0.018365644359464625
0 0.4392258563535911 0.6526944550669216 0.028698165745856354 0.030937697896749522
0 0.45695098342541435 0.6630789751434033 0.017272839779005525 0.03926959847036329
0 0.4690803977900552 0.6941554416826003 0.033361856353591166 0.02486078776290631
0 0.4788708066298342 0.6524747380497131 0.020039071823204423 0.019225239005736135
0 0.48313949171270715 0.6374395411089866 0.03136892817679558 0.021611288718929256
0 0.45532322651933704 0.6360267992351817 0.03475093922651934 0.017658309751434034
0 0.43228640883977903 0.611873346080306 0.03464472928176796 0.018785804971319313
0 0.45614187845303866 0.6232446653919695 0.03801480662983426 0.02005785086042065
0 0.45660848618784533 0.605376275334608 0.016562784530386742 0.03715144933078394
0 0.4683858563535912 0.5980292466539197 0.03008724861878453 0.027543648183556403
0 0.4540427403314917 0.5767012772466539 0.020524773480662985 0.03686427533460803
0 0.46949211049723755 0.5524745850860421 0.01947460773480663 0.030793147227533464
0 0.472993458563536 0.5701328948374761 0.016910055248618786 0.03842349521988527
0 0.4961937679558011 0.5691441682600382 0.02951443093922652 0.038136321223709364
0 0.49205396685082875 0.5541706462715105 0.029167160220994477 0.03983238240917782
0 0.4974766408839779 0.5272591663479923 0.03021732596685083 0.034607357552581264
0 0.5240708950276243 0.5353154569789674 0.04140039779005525 0.0202004741873805
0 0.5244766408839779 0.5514877858508603 0.0345182320441989 0.017797078393881453
0 0.5226125966850829 0.5017662103250478 0.03194890607734807 0.022883334608030593
0 0.4684395580110497 0.49477381261950293 0.020651270718232046 0.03940643977055449
0 0.48949418784530385 0.438129223709369 0.025422364640883977 0.03997115105162524
0 0.5110667403314917 0.4615791969407265 0.020288486187845303 0.03884751051625239
0 0.510483182320442 0.4244990592734225 0.0200593591160221 0.04350396940726577
0 0.5418521104972376 0.43509173231357545 0.027288795580110495 0.034746126195028676
0 0.583486408839779 0.4466056749521989 0.03405281767955801 0.03319268833652008
0 0.5690275359116023 0.475209361376673 0.02938793370165746 0.037571609942638626
0 0.5538025193370166 0.49640048948374754 0.026949878453038673 0.030793147227533464
0 0.6076259005524861 0.47075912810707454 0.02145560220994475 0.038278944550669214
0 0.5924665193370166 0.48672330401529634 0.015627182320441992 0.0416691395793499
0 0.6108921546961326 0.5009894913957935 0.018192928176795582 0.035736780114722755
0 0.5770732375690607 0.5153269904397705 0.018425635359116024 0.037577391969407264
0 0.5704834475138122 0.5452721070745697 0.023208662983425415 0.037571609942638626
0 0.592235005524862 0.5387750363288719 0.021684729281767956 0.042093154875717013
0 0.5694929502762431 0.5942863479923518 0.030785370165745857 0.023164726577437858
0 0.5988200220994475 0.6142035028680689 0.04139681767955801 0.022318623326959847
0 0.5999883314917127 0.6320025086042066 0.035801104972375694 0.018365644359464625
0 0.6244750939226519 0.6298149751434036 0.017608176795580112 0.03799755258126195
0 0.6357870497237569 0.6069297131931166 0.01947460773480663 0.04167299426386233
0 0.5054495469613259 0.6034527877629062 0.027844906077348068 0.02746269980879541
0 0.5299386961325966 0.6024370783938815 0.02084817679558011 0.030850967495219886
0 0.5240601546961325 0.6205733690248567 0.030646939226519336 0.026778493307839386
0 0.517343867403315 0.6423542638623327 0.024206320441988952 0.03169707074569789
0 0.5088076906077348 0.656423862332696 0.027569237569060778 0.0289872275334608
0 0.530848044198895 0.6731185009560229 0.021270629834254144 0.03254702868068834
0 0.5088076906077348 0.6877817208413003 0.020567734806629837 0.03576569024856597
0 0.5281188066298342 0.6949013231357553 0.027849679558011053 0.018475502868068833
0 0.5483404640883979 0.6972719541108986 0.0282673591160221 0.02491860803059273
0 0.48795593370165746 0.7227841835564054 0.023930651933701662 0.04068426768642447
0 0.5100666961325967 0.719054776290631 0.034285524861878455 0.02847455449330784
0 0.5531688397790056 0.6571003594646272 0.02224919337016575 0.03678332695984704
0 0.5785673370165746 0.6542209101338432 0.03498841988950276 0.029999082217973233
0 0.5765386077348066 0.6768498355640535 0.03232839779005525 0.019321606118546844
0 0.5954296574585635 0.6660837017208414 0.013851447513812155 0.042887219885277245
0 0.6104732817679558 0.6579483900573614 0.025184883977900554 0.03305006500956023
0 0.621878320441989 0.6635434646271511 0.019171491712707184 0.035424550669216064
0 0.6077464309392265 0.6871032963671129 0.016092596685082873 0.03203628298279159
0 0.5871727292817679 0.6926983709369025 0.030927381215469618 0.022883334608030593
0 0.6216002651933702 0.6950690019120458 0.012174762430939226 0.029326439770554494
0 0.6375508508287292 0.6920180191204588 0.03400508287292818 0.02186955258126195
0 0.6309741878453039 0.6727812160611856 0.016092596685082873 0.02881376673040153
0 0.646507093922652 0.6607449636711281 0.0345623867403315 0.027121560229445504
0 0.6523856353591161 0.6885430210325046 0.018615381215469615 0.03525301720841301
0 0.6677085082872928 0.6619302791586998 0.030224486187845304 0.021356879541108986
0 0.6514070718232045 0.6455729254302103 0.03512685082872928 0.020171564053537285
0 0.6766647513812155 0.6454881223709368 0.023227756906077347 0.023733292543021034
0 0.6504965303867404 0.6213346692160612 0.01651146961325967 0.03610490248565965
0 0.6686190497237569 0.6209125812619503 0.026448662983425415 0.026443135755258126
0 0.6564442872928177 0.5851449636711282 0.02029206629834254 0.03627643594646271
0 0.672046408839779 0.6003998776290632 0.019309922651933705 0.03254317399617591
0 0.6833106298342542 0.6131993575525814 0.023930651933701662 0.026275456978967493
0 0.6989139447513812 0.6158263250478012 0.027986917127071825 0.03220781644359465
0 0.698145414364641 0.6413346998087955 0.02728521546961326 0.03678332695984704
0 0.7127701657458564 0.5987057437858508 0.03470439779005525 0.024747074569789675
0 0.7245928839779006 0.6170116405353728 0.019171491712707184 0.03966470363288719
0 0.7359979226519336 0.6182836864244742 0.01511403314917127 0.03915781261950287
0 0.7527206187845304 0.6248096673040152 0.02365020994475138 0.03525301720841301
0 0.7556586961325966 0.6088763288718928 0.033164950276243096 0.023729437858508604
0 0.7232658563535912 0.5740434722753347 0.02267164640883978 0.020849988527724666
0 0.7253626077348067 0.5592973766730401 0.035824972375690614 0.023222546845124283
0 0.6962563093922652 0.5511582103250477 0.026871116022099448 0.031018646271510516
0 0.7112295248618784 0.5346312504780115 0.015110453038674034 0.03830785468451243
0 0.7458635138121547 0.5554812390057361 0.021128618784530387 0.05288627151051625
0 0.7593688839779006 0.5672630822179733 0.01763204419889503 0.043226432122370935
0 0.7655958895027625 0.5999777896749521 0.03680353591160221 0.021191128107074568
0 0.7757419226519336 0.5815851625239006 0.01539089502762431 0.033566592734225624
0 0.7844869392265192 0.6110792810707456 0.03736441988950276 0.016270623326959846
0 0.7755306961325966 0.6240464397705545 0.03512685082872928 0.022883334608030593
0 0.7523005524861879 0.5210723977055449 0.03624265193370166 0.03356081070745698
0 0.7693048839779006 0.5358184933078394 0.031625502762430945 0.03491958699808795
0 0.7890372596685084 0.5007312275334608 0.032186386740331495 0.04135691013384321
0 0.7872161767955801 0.5398871128107074 0.025749348066298344 0.03356081070745698
0 0.8089080662983426 0.5062299349904397 0.03190594475138122 0.027948390057361376
0 0.8135240220994475 0.5212420038240918 0.035824972375690614 0.03322159847036329
0 0.8138044640883978 0.5378537667304015 0.03022925966850829 0.03186474952198853
0 0.8065977016574586 0.5592973766730401 0.0328892817679558 0.03372848948374761
0 0.8294077790055249 0.5437880535372849 0.020008044198895028 0.04000391586998088
0 0.7919037348066299 0.5872650401529638 0.018330165745856355 0.03983816443594646
0 0.832417458563536 0.5800606347992352 0.02043049723756906 0.03661564818355641
0 0.8363340994475139 0.5992897284894838 0.04198156906077349 0.025951663479923517
0 0.8657924419889503 0.5256498355640535 0.03204437569060774 0.04135691013384321
0 0.7359227403314917 0.8207567724665392 0.028050165745856358 0.0401291931166348
0 0.7511584972375691 0.902186982791587 0.021763491712707184 0.03016676099426386
0 0.9380617458563536 0.4573313346080306 0.03089993370165746 0.04190234799235182
0 0.8943175690607735 0.4382120994263862 0.02535911602209945 0.037428986615678776
0 0.8559447513812154 0.3796305315487572 0.026192088397790057 0.04352709751434034
0 0.8317658784530387 0.37189996175908224 0.03627129281767956 0.04597096749521989
0 0.8206830497237569 0.3817679541108986 0.018808707182320444 0.03844084130019121
0 0.7834009723756906 0.39834502485659656 0.033922740331491716 0.02521927342256214
0 0.7874321767955801 0.44024544550669215 0.018472176795580112 0.04108515487571702
0 0.7500212154696133 0.42231730783938815 0.02267164640883978 0.03390002294455067
0 0.7080384530386741 0.49664911663479927 0.027427226519337017 0.04017159464627151
0 0.6946046850828729 0.4689339349904398 0.019029480662983423 0.04135691013384321
0 0.6380675801104972 0.41842214913957937 0.0282673591160221 0.03390002294455067
0 0.2051797127071823 0.44663458508604204 0.039798895027624306 0.02298355640535373
0 0.2031653038674033 0.46249661185468455 0.03442753591160221 0.017290187380497132
0 0.1807454585635359 0.4730777208413002 0.026866342541436463 0.03315414149139579
0 0.19770682872928175 0.4814134760994263 0.03459341436464088 0.01973213001912046
0 0.22197281767955798 0.4828377820267687 0.01897339226519337 0.03315414149139579
0 0.2115606629834254 0.5055206730401529 0.0203195138121547 0.03010508604206501
0 0.21172773480662985 0.5401993422562141 0.02300698342541437 0.03559222944550669
0 0.22944570165745853 0.556776413001912 0.017801502762430938 0.03701653537284895
0 0.22449082872928175 0.528606378585086 0.029052596685082872 0.02583602294455067
0 0.24976521546961325 0.5486411013384321 0.021496176795580114 0.03620512428298279
0 0.24522921546961324 0.5679646347992351 0.023172861878453042 0.0280736673040153
0 0.2516101657458563 0.5251467992351816 0.018136839779005525 0.0319302791586998
0 0.26840327071823206 0.5410146080305926 0.014108022099447514 0.04007137284894838
0 0.29275398895027627 0.554436619502868 0.03895876243093923 0.02746269980879541
0 0.28015916022099446 0.5287085277246654 0.01746258563535912 0.03986707456978967
0 0.3007292817679558 0.5335885583173996 0.02938435359116022 0.029694562141491396
0 0.31028220994475136 0.6347316252390057 0.03167681767955802 0.033977116634799236
0 0.30882987845303866 0.6517192198852773 0.019585591160220996 0.02108897896749522
0 0.3222517127071823 0.6685622638623328 0.025631204419889506 0.026065376673040153
0 0.7127976132596685 0.7225143556405353 0.028965480662983423 0.024407862332695984
0 0.7386853922651934 0.7672633881453154 0.01861060773480663 0.03796864244741874
