0 0.14929013742926434 0.6332847985675917 0.019794121261115603 0.03234624171888988
0 0.150620012934519 0.6074215219337512 0.029688737267582865 0.022318581915846018
0 0.15707748746968472 0.5884418836168307 0.020396721099434117 0.0343514127126231
0 0.22345758771220692 0.6250655828111013 0.03487867421180275 0.02446272515666965
0 0.19238030396119643 0.6191186535362578 0.024139440582053355 0.02459267323187108
0 0.19829384963621666 0.5993358639212175 0.033792038803556995 0.023791326768128916
0 0.1834476475343573 0.598198818263205 0.024381458367016978 0.03702256759176365
0 0.15514501212611156 0.5080437314234556 0.02136601455133387 0.017376945389435988
0 0.1503168795472918 0.5185370384959713 0.026431275666936135 0.020715888988361682
0 0.16703444139046078 0.5300988075201432 0.01761962813257882 0.028871935541629364
0 0.14748111560226354 0.5325046517457476 0.02751791107518189 0.02218863384064458
0 0.16962818755052547 0.5571641038495971 0.024017209377526272 0.0319473733213966
0 0.16130057558609537 0.5709981593554163 0.01919152142279709 0.0304746284691137
0 0.14573076475343572 0.5483438782453 0.02932937752627324 0.01697446732318711
0 0.12515314147130152 0.555962084153984 0.025828675828617625 0.01724338764547896
0 0.09377272433306386 0.5794195165622201 0.02993075505254648 0.024596282900626678
0 0.14168857881972513 0.5695976078782453 0.020517729991915923 0.026597844225604298
0 0.13571269523039609 0.5793527376902418 0.01605140177849636 0.027399190689346462
0 0.125092025869038 0.5778150188003582 0.013880575586095392 0.033680014324082366
0 0.11543820533548907 0.5776164870188003 0.0114677316087308 0.01457042793196061
0 0.05503032174616006 0.6147058334825425 0.021725374292643495 0.02940436168307968
0 0.11519618755052544 0.5942570599820949 0.02956772837510105 0.02111836705461056
0 0.10366978496362166 0.6009403616830797 0.02751791107518189 0.018441797672336616
0 0.07886540662894097 0.6196510796777082 0.0194298722716249 0.03288227752909579
0 0.014114648342764739 0.5790188433303491 0.022448983023443815 0.02726924261414503
0 0.019363256265157634 0.5871712802148613 0.026673293451899758 0.030205708146821844
0 0.03330616976556184 0.5669228433303493 0.022448983023443815 0.01617312085944494
0 0.049718153597413065 0.5705307072515667 0.020998098625707357 0.01991454252461952
0 0.06015914308811641 0.5535562399283797 0.022089623282134197 0.03060457654431513
0 0.041088630557801126 0.5518199892569382 0.029324488278092156 0.01991454252461952
0 0.039641413096200485 0.5131911190689348 0.030052986257073568 0.02820053715308863
0 0.05521000161681488 0.5023657224709042 0.027638919967663704 0.023924884512085944
0 0.0578049700889248 0.5195387215756492 0.01955577041228779 0.02432375290957923
0 0.07796089571544057 0.5452702452999105 0.021725374292643495 0.0295397242614145
0 0.10934253516572352 0.5446006517457476 0.016172410670978174 0.033813572068039394
0 0.09347203556992724 0.5365149937332139 0.018706263540824577 0.033683623992837954
0 0.0869522231204527 0.5137271548791407 0.020396721099434117 0.03140953267681289
0 0.0771761713823767 0.49180563652641013 0.030780261924009702 0.022055076096687557
0 0.10246091835084882 0.5050386821844225 0.02751791107518189 0.036486531781557745
0 0.12774810994341146 0.5342427072515666 0.03632955860953921 0.026733206803939123
0 0.14193426354082456 0.5081718746642794 0.032599062247372676 0.03182103491495076
0 0.12213525303152789 0.4950778012533572 0.022930573969280516 0.03528631692032229
0 0.12207535974130959 0.4720878209489704 0.024984058205335488 0.018178291853178156
0 0.1386107970897332 0.48064454073410917 0.021847605497170575 0.018441797672336616
0 0.15248892805173805 0.47750412891674127 0.03150387065481002 0.01991454252461952
0 0.16437957962813254 0.48746140017905104 0.026309044462409056 0.020582331244404655
0 0.16636950363783345 0.4996241790510296 0.01919152142279709 0.020582331244404655
0 0.17693150202101857 0.5087133249776186 0.020517729991915923 0.029942202327663384
0 0.19322492158447857 0.5399911047448523 0.020517729991915923 0.02833409489704566
0 0.20287996443007272 0.5361792945389436 0.022688556184316894 0.0295397242614145
0 0.1918974907033145 0.5196055004476275 0.026067026677445433 0.024995151298119963
0 0.21362164268391268 0.50944969740376 0.01738127728375101 0.0343514127126231
0 0.2176650509296685 0.5373163401969561 0.022566324979789814 0.03501739659803044
0 0.2193542861762328 0.5923854467323189 0.02136234761519806 0.02486159355416294
0 0.23812166531932094 0.58282884870188 0.021968614389652384 0.01777942345568487
0 0.2267174939369442 0.560573435989257 0.018464245755860954 0.034484970456580125
0 0.23920952303961196 0.5474757529095792 0.020998098625707357 0.03180840107430618
0 0.2599692708164915 0.5580340340196955 0.020998098625707357 0.03207732139659803
0 0.24355239773645915 0.5993358639212175 0.03258683912691997 0.02191971351835273
0 0.25610676475343574 0.5804230044762757 0.025586658043654002 0.02927080393912265
0 0.2635286434923201 0.6008049991047448 0.024260449474535168 0.03074354879140555
0 0.29056374130962004 0.6282727735004475 0.02329482295877122 0.034082492390331245
0 0.27475313500404197 0.6149061700984781 0.017017028294260307 0.03649014145031334
0 0.30136531285367824 0.6114986427931961 0.032828856911883586 0.02111836705461056
0 0.3060748811641067 0.5954608845120859 0.03427607437348424 0.01897963831692032
0 0.29122867906224736 0.5877758997314234 0.03476133225545675 0.02285642256042972
0 0.27801059660468874 0.5684605622202328 0.024260449474535168 0.03234624171888988
0 0.2921331899757478 0.5642498836168307 0.020638738884397736 0.01858076991942704
0 0.3099349426030719 0.5697311656222024 0.025828675828617625 0.030608186213070723
0 0.31820510590137424 0.5624432444046552 0.020638738884397736 0.031012469113697403
0 0.3027538593371059 0.5486795774395703 0.03391671463217461 0.01523641181736795
0 0.2950300695230396 0.5336416974037601 0.01871115278900566 0.020721303491495077
0 0.3108406758286176 0.5355800895255148 0.026192924818108327 0.021652598030438674
0 0.33051501050929666 0.5435989686660698 0.02111910751818917 0.02085125156669651
0 0.34650774130962003 0.5502822703670547 0.018827272433306386 0.02459267323187108
0 0.3442745772029102 0.5317033052820054 0.022089623282134197 0.019780984780662487
0 0.35018812287793044 0.5230148325872874 0.02980974616006467 0.03021112264995524
0 0.35380861115602263 0.5106517170993733 0.030780261924009702 0.031678452999104746
0 0.36798865319320934 0.4820541163831692 0.02317259175424414 0.03115505102954342
0 0.3484976653193209 0.4767009776186213 0.020877089733225548 0.031146026857654434
0 0.3306946903799515 0.5177356920322291 0.02751791107518189 0.03568518531781558
0 0.32399764268391273 0.5110541951656221 0.019676779304769604 0.03355006624888093
0 0.3387228358932902 0.48398528916741274 0.02474570735650768 0.02940436168307968
0 0.3264117089733225 0.48538945031333924 0.02353684074373484 0.02606000358102059
0 0.30016133548908647 0.468149672336616 0.03427607437348424 0.027668111011638317
0 0.31699623928860143 0.49761900805729625 0.015327793047696039 0.03207732139659803
0 0.30830560064672596 0.5069084905998209 0.015813050929668553 0.037560408236347355
0 0.30027989975747776 0.49327657654431506 0.021725374292643495 0.033544651745747535
0 0.2971422247372676 0.5181363652641003 0.023654182700080843 0.0241938048343778
0 0.2748130282942603 0.5446006517457476 0.023654182700080843 0.019382116383169203
0 0.27716842360549715 0.5270919534467324 0.02787849312853678 0.02365776902417189
0 0.24071663379143085 0.5157991047448522 0.032227479385610346 0.03528631692032229
0 0.2611756928051738 0.5205440143240823 0.028003168957154406 0.016442041181736793
0 0.27565886822958774 0.5101156812891674 0.03113962166531932 0.020984809310653538
0 0.2525461697655618 0.5024992802148612 0.017744303961196445 0.03140953267681289
0 0.2691488342764753 0.49688444046553276 0.021984504446240904 0.01751050313339302
0 0.2777099078415521 0.4877285156669652 0.02341583185125303 0.0179093715308863
0 0.26763316734033954 0.4726238567591764 0.02329482295877122 0.022721059982094897
0 0.25628644462409056 0.4851873088630259 0.017497396928051738 0.028603015219337512
0 0.19871676960388038 0.411941715308863 0.024022098625707356 0.03288227752909579
0 0.2639503411479386 0.4366697511190689 0.0251050670978173 0.03421605013428827
0 0.25314999191592563 0.4518393840644584 0.020157147938561035 0.039695527305282
0 0.24228730476960383 0.4477640680393913 0.018949503637833466 0.03501739659803044
0 0.22617356507679867 0.4477640680393913 0.02341583185125303 0.03100705461056401
0 0.22176957477768797 0.42945402327663385 0.02739690218270008 0.02459267323187108
0 0.21585480679062244 0.4652727663384064 0.022089623282134197 0.015774252461951657
0 0.2075259725141471 0.45471629006266784 0.024260449474535168 0.03154489525514772
0 0.19980096038803555 0.44021264100268576 0.02932937752627324 0.0241938048343778
0 0.1891203977364592 0.4557829471799463 0.025590324979789813 0.017376945389435988
0 0.20432840420371864 0.48405387287376905 0.021721707356507677 0.03221629364368845
0 0.19238030396119643 0.4799099731423456 0.015934059822150366 0.03462033303491495
0 0.18302717219078415 0.47737057117278425 0.020396721099434117 0.03488383885407341
0 0.17681049312853678 0.4307210170098478 0.021964947453516574 0.03221087914055505
0 0.17614799999999997 0.45150548970456583 0.03101861277283751 0.02325348612354521
0 0.151766541632983 0.4569849668755595 0.02377519159256265 0.03742685049239033
0 0.1378272950687146 0.44388728379588177 0.022930573969280516 0.0334147036705461
0 0.09045170250606305 0.4551133536257833 0.03126063055780113 0.02218863384064458
0 0.09799703476151979 0.44081184601611456 0.03597019886822959 0.020049905102954343
0 0.041450434923201274 0.45551763652641 0.028600879547291836 0.02406024709042077
0 0.06462424898949069 0.44508930349149506 0.018706263540824577 0.030205708146821844
0 0.07639144704931283 0.4290515452103849 0.03259050606305578 0.020582331244404655
0 0.09727342603071948 0.4267124798567592 0.030416012934518996 0.016442041181736793
0 0.11899757801131769 0.42123119785138763 0.030412345998383186 0.03034107072515667
0 0.09992828779304767 0.40753070008952547 0.022930573969280516 0.029673282005371532
0 0.08351385933710588 0.4108064744852283 0.023657849636216654 0.02472623097582811
0 0.08906560064672595 0.38260593733213966 0.02534341794664511 0.038092834377797674
0 0.07572895392077607 0.3788609059982095 0.017982654810024253 0.03488383885407341
0 0.0811596863379143 0.3480523831692033 0.021123996766370248 0.03769035631154879
0 0.12780678092158448 0.3571379194270367 0.028484759902991104 0.02405122291853178
0 0.16111967340339528 0.31009310653536254 0.0193125303152789 0.038764232766338405
0 0.17578619563459982 0.27313551298119965 0.03029500404203719 0.030075760071620414
0 0.1657681261115602 0.2812897547000895 0.027638919967663704 0.031674843330349145
0 0.10511822473726756 0.25582534646374216 0.016414428455941793 0.0280705890778872
0 0.12907554082457556 0.2627107896150403 0.019915130153597412 0.03515275917636527
0 0.14464412934518994 0.26605153804834375 0.025949684721099434 0.03863067502238138
0 0.14561220048504447 0.23276858728737693 0.021604365400161682 0.03328114592658908
0 0.7763838868229588 0.7843819230080574 0.017765083265966045 0.021351190689346464
0 0.12533526596604685 0.23651361862130707 0.025949684721099434 0.025792888093106536
0 0.12738386095392076 0.20770846195165618 0.03101861277283751 0.02245213965980304
0 0.13366165561843169 0.2227463419874664 0.030056653193209378 0.01937850671441361
0 0.10645421180274857 0.23203943419874665 0.030153215844785773 0.03261877170993733
0 0.11078975262732416 0.21171880393912262 0.018588921584478578 0.01951567412712623
0 0.09232428455941792 0.21686438675022385 0.020517729991915923 0.035688794986571175
0 0.09491925303152787 0.20075804476275735 0.016055068714632175 0.031812010743061774
0 0.10421126919967662 0.20115871799462845 0.025707666936135812 0.02459267323187108
0 0.7748645529506872 0.796490556848702 0.020496950687146322 0.015299581020590869
0 0.762262515763945 0.8212041539838854 0.020800084074373486 0.03816502775290958
0 0.7464665772029102 0.828771824529991 0.0296202877930477 0.03581513339301701
0 0.737289458367017 0.8110321074306177 0.02034416168148747 0.04102569024171889
0 0.7277945383993533 0.8216246803939122 0.020206040420371867 0.04001859265890779
0 0.7271846046887631 0.8517202936436885 0.03083648827809216 0.022869056401074304
0 0.7453347162489895 0.8508792408236348 0.02004102829426031 0.03127597493285587
0 0.7481362554567501 0.8719813643688451 0.026280931285367824 0.028079613249776186
0 0.7101101277283751 0.8011127376902418 0.01913040582053355 0.03564547896150403
0 0.709884 0.8251567412712623 0.02474937429264349 0.02589034914950761
0 0.7123885173807598 0.8402884726947178 0.03188400970088925 0.02017443867502238
0 0.7051010929668552 0.8568514377797674 0.024292229587712207 0.02875101163831692
0 0.69485445109135 0.7983369024171889 0.02353317380759903 0.03177771888988362
0 0.683241264349232 0.8089294753804834 0.024898496362166532 0.01933699552372426
0 0.6681322651576395 0.8223809059982095 0.0344618658043654 0.021351190689346464
0 0.6926445109135004 0.8376804870188004 0.01944576232821342 0.03211341808415398
0 0.6880229490703313 0.8617226857654432 0.01806821665319321 0.026733206803939123
0 0.6676775650767987 0.8637422954341988 0.026874974939369443 0.025720694717994628
0 0.6777738625707356 0.8402866678603402 0.025201629749393696 0.023876153983885404
0 0.7148172514147131 0.7568924905998209 0.023685962813257883 0.0379953733213966
0 0.6802783799514955 0.768746642793196 0.03416362166531932 0.018326288272157563
0 0.6645655586095393 0.7798427645478961 0.02459536297493937 0.036481117278424346
0 0.6446760970088924 0.8158239427036704 0.01943353920776071 0.035809718889883616
0 0.640417561843169 0.8586147609668756 0.02795060953920776 0.02017443867502238
0 0.6419442295877121 0.8787891996418978 0.030969720291026674 0.030263462846911372
0 0.6190882166531932 0.8768580268576543 0.021725374292643495 0.029086710832587286
0 0.6275881746160064 0.8480221880035811 0.018387240097008893 0.028584966875559538
0 0.6196174777687954 0.8204497332139661 0.023091919159256263 0.016476333034914952
0 0.6159823217461601 0.8354966374216651 0.029450386418755053 0.019669085049239032
0 0.6105833694421989 0.85811121217547 0.027190331447049312 0.029927763652641
0 0.6315435763945028 0.8169176723366158 0.01806821665319321 0.026567162041181737
0 0.6273681584478576 0.7925379695613249 0.030671476151980598 0.025218950760966873
0 0.6359377881972513 0.7796713052820055 0.028407754244139046 0.030774230975828112
0 0.6441443912691996 0.7668984923903314 0.01715881649151172 0.033124125335720685
0 0.6580286337914308 0.7449553160250673 0.023091919159256263 0.03665257654431513
0 0.6780769959579628 0.7371367735004477 0.02672218593371059 0.038500726947179945
0 0.6141512983023444 0.7282281110116383 0.03311243330638642 0.021351190689346464
0 0.6282029975747777 0.7473088200537154 0.014118926434923202 0.026231462846911368
0 0.6363252611156023 0.7357091495076096 0.015788604688763135 0.034972275738585495
0 0.6478638868229588 0.7315887126230977 0.01913040582053355 0.03682223097582811
0 0.645585497170574 0.7093134467323187 0.014576071139854487 0.015133536257833483
0 0.6273681584478576 0.7016609489704566 0.0330965432497979 0.022363702775290956
0 0.6225094680679063 0.6879586463742167 0.039167767178658046 0.019508454789615038
0 0.6499919320937753 0.674254538943599 0.02156036216653193 0.03547401969561325
0 0.6855856588520615 0.6751786141450313 0.0256746645109135 0.03530797493285586
0 0.6712467162489895 0.6714823133393018 0.017611071948261926 0.03228307251566696
0 0.6682092708164915 0.694430782452999 0.021859828617623284 0.03816502775290958
0 0.6556830169765562 0.7046858513876456 0.027178108326596607 0.03379552372426141
0 0.683990541632983 0.7050251602506714 0.020360051738075993 0.03009380841539839
0 0.6925687275666936 0.7135151011638315 0.013528549717057397 0.0309348612354521
0 0.7085871269199677 0.7115821235452104 0.023091919159256263 0.024713597135183528
0 0.7002436248989491 0.6919112336615936 0.02368229587712207 0.029086710832587286
0 0.7075322716248988 0.671059982094897 0.03491901050929669 0.021351190689346464
0 0.7142879902991108 0.6576103563115487 0.03537615521422797 0.02067979230080573
0 0.7210363751010509 0.6890523760071621 0.02703754244139046 0.02337080035810206
0 0.736454619240097 0.6915737296329454 0.01806821665319321 0.03816863742166517
0 0.76977729021827 0.7114142739480752 0.016701671786580437 0.027404605192479857
0 0.7514829458367017 0.6908175040286482 0.019887016976556184 0.03564547896150403
0 0.7220997865804365 0.7214184709042076 0.026431275666936135 0.03665257654431513
0 0.7002436248989491 0.7331877958818263 0.02155669523039612 0.019167341092211278
0 0.4422648892481811 0.40004605192479864 0.03158087631366208 0.024381507609668757
0 0.4860664413904608 0.38668125335720677 0.01898128375101051 0.03968289346463742
0 0.4955552497978981 0.3980282470904208 0.026414163298302346 0.030434922112802146
0 0.46010697817299917 0.42316417547000895 0.021103217461600647 0.03530797493285586
0 0.480601484236055 0.4194642649955237 0.033855599029911074 0.021186950760966876
0 0.5150645723524656 0.41618668576544315 0.03476988843977365 0.029086710832587286
0 0.5060329086499595 0.4297229435989257 0.02884778658043654 0.030940275738585495
0 0.5569678738884398 0.4646934145031334 0.02232064025869038 0.03631687735004476
0 0.5321439385610347 0.4493938334825425 0.025201629749393696 0.0339615684870188
0 0.5135464607922393 0.4566221951656222 0.020496950687146322 0.030263462846911372
0 0.4973019337105901 0.44149226857654433 0.023836307194826194 0.029592064458370638
0 0.4799182118027485 0.4446868254252462 0.028237852869846404 0.030599162041181738
0 0.4792361616814874 0.4694022273948075 0.022926907033144706 0.0319473733213966
0 0.46549492966855294 0.46864600179051025 0.019736672594987875 0.028079613249776186
0 0.5346496782538399 0.4744449346463742 0.02960806467259499 0.023876153983885404
0 0.508233070331447 0.48470000358102056 0.025052507679870654 0.0329544709042077
0 0.5318408051738075 0.4950417045658012 0.03552527728375101 0.02371010922112802
0 0.5506668552950686 0.5226989865711728 0.025504763136620857 0.03900608057296329
0 0.5248565141471301 0.5232043401969562 0.02672218593371059 0.026231462846911368
0 0.5037545189975748 0.5031129239033125 0.023685962813257883 0.02639570277529096
0 0.47369419886822955 0.5034486230975829 0.02156036216653193 0.024381507609668757
0 0.49608695553759097 0.5173205801253358 0.025351974130962004 0.03564547896150403
0 0.48044869523039613 0.5260631978513876 0.022012617623282136 0.02992415398388541
0 0.4853831689571544 0.5443912909579229 0.017914205335489087 0.0329544709042077
0 0.5342047566693613 0.5548142094897045 0.020174260307194825 0.03261877170993733
0 0.5197716960388036 0.5556534574753805 0.018371350040420373 0.03665257654431513
0 0.5029942409054163 0.5494339982094896 0.029757186742118025 0.023540454789615042
0 0.5025395408245755 0.5654049776186212 0.03006032012934519 0.02320114592658908
0 0.5124830493128536 0.596931824529991 0.016850793856103476 0.03917212533572068
0 0.5018574907033145 0.5934015684870189 0.015638260307194826 0.03211341808415398
0 0.49335386580436535 0.5754940017905104 0.03537615521422797 0.019844153983885407
0 0.48743665319320933 0.5995362005371531 0.022918350848827807 0.0339615684870188
0 0.4717189426030719 0.5987799749328558 0.01579227162489895 0.03413122291853178
0 0.41896028779304767 0.618367842435094 0.022012617623282136 0.03261877170993733
0 0.46215435084882783 0.5912971316025067 0.01609540501212611 0.03967747896150403
0 0.45129899757477765 0.5912971316025067 0.015031993532740501 0.03362586929274844
0 0.44158406143896517 0.5777644834377799 0.02140635084882781 0.029422410026857655
0 0.4645830848827809 0.5587649919427036 0.023685962813257883 0.03211341808415398
0 0.4383926046887631 0.5573373679498657 0.02323004042037187 0.03429726768128916
0 0.4292093742926435 0.5493491709937333 0.0160917380759903 0.033120515666965084
0 0.44454450121261113 0.5203472873769025 0.027328452708164915 0.026226048343777977
0 0.4588137720291026 0.5121912408236348 0.02580789652384802 0.025052905998209488
0 0.4608623670169765 0.4890731172784244 0.03142686499595797 0.018828032229185318
0 0.4560806822958771 0.4521660590868397 0.02459536297493937 0.03446692211280215
0 0.4425704672594987 0.49210162936436885 0.02611102991107518 0.039341779767233666
0 0.4330792142279709 0.45839093285586396 0.01928075020210186 0.036486531781557745
0 0.4260203621665319 0.48974451566696503 0.01913040582053355 0.038334682184422555
0 0.40916834599838314 0.4682254753804834 0.027328452708164915 0.030263462846911372
0 0.39125291835084886 0.46570231692032227 0.01943353920776071 0.036991885407341094
0 0.41106659660468875 0.5042084583706357 0.029604397736459172 0.027574259623992837
0 0.39686944219886816 0.5140411960608774 0.03218714308811641 0.023706499552372428
0 0.4171378205335489 0.525810521038496 0.031729998383185125 0.022022589077887195
0 0.3986943540824575 0.5379985675917636 0.01943353920776071 0.038334682184422555
0 0.37326170735650765 0.5229516633840645 0.032643065481002424 0.020344093106535364
0 0.3717435957962813 0.5366539659803043 0.03203313177041229 0.02017443867502238
0 0.3904180792239289 0.5565775326768129 0.02323004042037187 0.028079613249776186
0 0.40909256265157634 0.5628854288272157 0.02323004042037187 0.030263462846911372
0 0.4085608569118836 0.584068769919427 0.023985429264349233 0.03429726768128916
0 0.38039756507679867 0.5784376866606983 0.018977616814874698 0.035138320501342885
0 0.39353008569118836 0.6461099516562221 0.015485471301535974 0.016812032229185318
0 0.3841928439773646 0.6446823276633842 0.023836307194826194 0.022363702775290956
0 0.38935711236863374 0.5993683509400178 0.033855599029911074 0.02589034914950761
0 0.3994521875505255 0.6195427896150403 0.020650962004850445 0.038334682184422555
0 0.3821442489894907 0.6245909113697404 0.019736672594987875 0.0339615684870188
0 0.37113488439773645 0.6139117063563114 0.022012617623282136 0.025049296329453897
0 0.3628610541632983 0.5822206195165621 0.023685962813257883 0.03967747896150403
0 0.3271842101859337 0.6113073303491495 0.030666586903799514 0.026902861235452106
0 0.340694425222312 0.625094460161146 0.0330965432497979 0.023536845120859445
0 0.35678860792239286 0.6447653500447629 0.023076029102667744 0.030263462846911372
0 0.3482104219886823 0.6688075487914055 0.021709484236054972 0.0309348612354521
0 0.3321174616006467 0.6590578334825427 0.02778437510105093 0.024211853178155773
0 0.3334448924818108 0.6423919928379588 0.0260181341956346 0.019611330349149508
0 0.3174851641067098 0.6457814717994629 0.018148889248181085 0.03268194091316025
0 0.3293085885206144 0.7944131924798568 0.022085956345998387 0.03301764010743062
0 0.34119557316087307 0.7671457547000895 0.018827272433306386 0.03140953267681289
0 0.33262716572352463 0.776837715308863 0.021721707356507677 0.032878667860340195
0 0.3177222926434923 0.7678135434198746 0.012913726758286176 0.029806839749328556
0 0.3265314955537591 0.7462963079677708 0.018706263540824577 0.0319473733213966
0 0.28507189329021826 0.8006290420769919 0.022206965238480193 0.02726563294538944
0 0.2908668746968472 0.7794457009847807 0.022688556184316894 0.02846945747538048
0 0.3033589037995149 0.7654762829006267 0.029814635408245756 0.020317020590868397
0 0.2767442813257882 0.7622672873769024 0.028241519805982215 0.025125099373321396
0 0.291046554567502 0.7405479104744852 0.024017209377526272 0.027399190689346462
0 0.3567617170573969 0.7115532461951656 0.02630537752627324 0.024708182632050137
0 0.3054123880355699 0.7174261772605192 0.025949684721099434 0.01697446732318711
0 0.31029919159256264 0.7310580913160251 0.023896200485044466 0.03408610205908684
0 0.3242396604688763 0.7122120107430616 0.018706263540824577 0.034082492390331245
0 0.3148241907841552 0.6961056687555953 0.03053702182700081 0.027538162936436884
0 0.31542801293451894 0.6770592515666964 0.034155065481002424 0.02044696866606983
0 0.3041521843168957 0.6604854574753806 0.02991486499595796 0.03087349686660698
0 0.29092676798706546 0.6605522363473589 0.02353684074373484 0.0334147036705461
0 0.2453051932093775 0.614639054610564 0.026431275666936135 0.02499154162936437
0 0.2554418270008084 0.6574767985675917 0.022809565076798707 0.03154489525514772
0 0.2628649280517381 0.6425093070725156 0.027275893290218272 0.033683623992837954
0 0.23957132740501208 0.6439098585496866 0.020759747776879545 0.0372914879140555
0 0.22050081487469686 0.6465846230975829 0.02462469846402587 0.02553299194270367
0 0.2993142732417138 0.6854138299015219 0.019794121261115603 0.0334147036705461
0 0.28966045270816493 0.6957049955237242 0.025586658043654002 0.024596282900626678
0 0.27553908164915114 0.670310975828111 0.024619809215844786 0.02780166875559534
0 0.27216061115602264 0.6961724476275738 0.02124133872271625 0.03301764010743062
0 0.2591845464834276 0.6868829650850492 0.018467912691996765 0.037157930170098476
0 0.23975345189975744 0.6920303527305283 0.027882160064672597 0.021786155774395702
0 0.2274411026677445 0.6627577439570278 0.025707666936135812 0.02285642256042972
0 0.2230957833468068 0.686823405550582 0.020396721099434117 0.034336974037600713
0 0.24765936620856913 0.7070664279319606 0.026070693613581247 0.021652598030438674
0 0.26057309296685527 0.7157549006266786 0.032828856911883586 0.019780984780662487
0 0.2122929894907033 0.7225717600716205 0.026552284559417945 0.024329167412712623
0 0.22967426677445432 0.7162223527305283 0.020521396928051737 0.03247979946284691
0 0.2470530994341148 0.770753618621307 0.022206965238480193 0.027399190689346462
0 0.2695045270816492 0.7400136794986572 0.02124133872271625 0.0391576866606983
0 0.24379686014551336 0.7443579158460161 0.019794121261115603 0.03662008952551477
0 0.2346234082457558 0.7520410957923008 0.023896200485044466 0.03247979946284691
0 0.2078877768795473 0.7473629650850492 0.026916533548908647 0.01751050313339302
0 0.2078877768795473 0.7346659552372425 0.035605949878738885 0.01858076991942704
0 0.1978697073565077 0.7097375828111012 0.022327974130962002 0.025394019695613248
0 0.18308584316895715 0.7057290456580125 0.019794121261115603 0.03635658370635631
0 0.16383565076798703 0.7296557350044762 0.019911463217461598 0.026733206803939123
0 0.18423359417946644 0.7390119964189793 0.03029500404203719 0.02191971351835273
0 0.16323060630557798 0.7466283974932855 0.02136234761519806 0.02592644583706356
0 0.17699261762328214 0.7702193876454789 0.018949503637833466 0.0188442757385855
0 0.18918151333872274 0.7650738048343777 0.018225894907033146 0.023791326768128916
0 0.10662655780113175 0.7260442614145031 0.02329482295877122 0.022457554162936436
0 0.07874684236054971 0.7192977905102955 0.024017209377526272 0.01911319606087735
0 0.10342776717865802 0.7110099910474486 0.018827272433306386 0.030075760071620414
0 0.10958333063864187 0.7051280358102059 0.017623295068714632 0.03515275917636527
0 0.12346390622473727 0.7182275237242614 0.022206965238480193 0.03274871978513877
0 0.14482625383993533 0.7239073375111906 0.02534341794664511 0.03315119785138764
0 0.12497101697655616 0.6908933070725157 0.02088075666936136 0.019512064458370636
0 0.09835883912691996 0.6769238889883618 0.024139440582053355 0.0241901951656222
0 0.11676441390460791 0.6646275523724261 0.021604365400161682 0.011897468218442255
0 0.1204460177849636 0.6534682614145032 0.031621212611156024 0.026733206803939123
0 0.09558419078415518 0.6545367233661593 0.028484759902991104 0.02218863384064458
0 0.08996888924818107 0.6386325228290063 0.024740818108326595 0.024329167412712623
0 0.09775623928860143 0.6298772712623097 0.029450386418755053 0.0295397242614145
0 0.1118140501212611 0.6259337081468218 0.024260449474535168 0.024329167412712623
0 0.1641974551333872 0.6927631154879141 0.030780261924009702 0.0179093715308863
0 0.1646802683912692 0.6767921360787825 0.019676779304769604 0.026065418084153982
0 0.19841363621665317 0.6700402506714412 0.026794302344381567 0.02298998030438675
0 0.17523982215036377 0.669908497761862 0.028241519805982215 0.0280705890778872
0 0.2016148714632174 0.6487233518352731 0.024984058205335488 0.02846945747538048
0 0.17970615036378335 0.6544049704565801 0.021725374292643495 0.03234624171888988
0 0.16600769927243328 0.6362248737690241 0.020400388035569927 0.029673282005371532
0 0.37151746806790625 0.40551289525514767 0.03158087631366208 0.021186950760966876
0 0.3773625642683912 0.4613310080572964 0.02444257396928052 0.03060457654431513
0 0.3899633791430881 0.4444341486123545 0.03476988843977365 0.017990589077887198
0 0.39398723039611966 0.43031131960608776 0.03552527728375101 0.019001296329453892
0 0.4116728633791431 0.43308354521038495 0.02140635084882781 0.03530797493285586
0 0.4024896329830235 0.40752889525514774 0.02763158609539208 0.027574259623992837
0 0.4180496653193209 0.40542806803939124 0.03203313177041229 0.03379191405550582
0 0.4327015198059822 0.4253516347358997 0.03127285367825384 0.017488845120859447
0 0.455019715440582 0.3765092068039391 0.023685962813257883 0.027404605192479857
0 0.4716431592562651 0.3847464709042077 0.018371350040420373 0.03278842614145031
0 0.11954028455941793 0.18558841181736793 0.027400569118835892 0.029806839749328556
0 0.11374652546483427 0.16333299910474486 0.03126063055780113 0.02191971351835273
0 0.10306596281325787 0.15958977260519244 0.02534708488278092 0.02726563294538944
0 0.13083200323362973 0.12719841002685764 0.029676514147130153 0.019651036705461058
0 0.13052520291026676 0.17743417009847812 0.017502286176232822 0.03034107072515667
0 0.13975732578819722 0.19394299015219335 0.022206965238480193 0.034484970456580125
0 0.15490299434114793 0.1814463169203223 0.022327974130962002 0.03247979946284691
0 0.1557537235246564 0.2489435129811996 0.0218549393694422 0.034887448522829004
0 0.1549628876313662 0.21218625604297223 0.020517729991915923 0.03702256759176365
0 0.16606881487469685 0.23403919068934645 0.019794121261115603 0.03662008952551477
0 0.17385127566693612 0.22120862309758285 0.022327974130962002 0.03849531244404655
0 0.18700824252223117 0.19507823097582816 0.024260449474535168 0.02793703133393017
0 0.20306086661277287 0.20309711011638318 0.027400569118835892 0.0241901951656222
0 0.18266292320129343 0.18010893464637423 0.026911644300727566 0.029806839749328556
0 0.1905676151980598 0.2227463419874664 0.030173995149555377 0.030344680393912266
0 0.20824958124494747 0.23156656759176367 0.024017209377526272 0.01697446732318711
0 0.21229543411479385 0.2436643724261415 0.030654363783346808 0.023791326768128916
0 0.2295532578819725 0.24633552730528202 0.03137797251414713 0.02406024709042077
0 0.25610554244139044 0.24205806982990158 0.02124133872271625 0.03261335720680394
0 0.27294166855295066 0.23764705461056404 0.02088075666936136 0.03314758818263205
0 0.29774604688763134 0.23236791405550583 0.01883216168148747 0.02846945747538048
0 0.2888158350848828 0.2280254825425246 0.01834323686337914 0.03180840107430618
0 0.2815137429264349 0.21886955774395703 0.020157147938561035 0.028473067144136076
0 0.27420920614389654 0.20663819516562223 0.0251050670978173 0.0304746284691137
0 0.2611732481810833 0.21265370814682183 0.018104886014551333 0.03608766338406445
0 0.21669942441390463 0.17409342166517464 0.03198423928860145 0.027668111011638317
0 0.22001800161681484 0.20556973321396596 0.021968614389652384 0.03582415756490599
0 0.23800310105092964 0.21927023097582812 0.02534341794664511 0.0319419588182632
0 0.23933053193209372 0.20169475380483434 0.02486304931285368 0.028339509400179052
0 0.24862377041228778 0.19982314055505823 0.017376388035569925 0.033683623992837954
0 0.24976907679870655 0.17910725156669646 0.02932937752627324 0.02940436168307968
0 0.26382933225545674 0.1729581808415398 0.021725374292643495 0.03261335720680394
0 0.2704078156831043 0.1633997779767234 0.01725904607922393 0.03595771530886303
0 0.28966045270816493 0.18919627573858552 0.029450386418755053 0.030075760071620414
0 0.2884540307194826 0.15805566338406452 0.03331044785772029 0.02579649776186213
0 0.31941152789005656 0.18258336257833485 0.02329482295877122 0.0304746284691137
0 0.3039602813257882 0.1715540196956132 0.025949684721099434 0.027135684870188
0 0.3244780113177041 0.16132963294538946 0.03270784801940178 0.02459267323187108
0 0.3553169442198868 0.1602593661593554 0.028484759902991104 0.02111836705461056
0 0.3699211285367825 0.14461867144136076 0.02317259175424414 0.02833409489704566
0 0.3787303314470493 0.13727119068934646 0.030897603880355697 0.0334147036705461
0 0.3499473274050121 0.1353977726051925 0.0225712142279709 0.03689261951656222
0 0.36968033306386416 0.11955493643688453 0.03162487954729184 0.02123929095792301
0 0.3547143443815683 0.11060476275738589 0.027999502021018592 0.026597844225604298
0 0.33630876960388034 0.1314542094897046 0.024260449474535168 0.02846945747538048
0 0.3387228358932902 0.10458744494180844 0.02088075666936136 0.03247979946284691
0 0.3261085755860954 0.11508075201432408 0.02124133872271625 0.026733206803939123
0 0.3288257752627324 0.09196082363473591 0.020400388035569927 0.03822819695613249
0 0.3139209021827001 0.13111309579230085 0.026070693613581247 0.03339665532676813
0 0.26902171382376716 0.12396956132497763 0.01713803718674212 0.02846945747538048
0 0.27903733872271624 0.13386005371530885 0.020759747776879545 0.03328114592658908
0 0.2903840614389652 0.13606736615935547 0.020517729991915923 0.03314758818263205
0 0.3058340856911883 0.11575034556848704 0.028484759902991104 0.03314758818263205
0 0.307339974130962 0.09910977260519249 0.02739690218270008 0.019651036705461058
0 0.2885725949878739 0.11147288809310658 0.022206965238480193 0.02914085586392122
0 0.2577984446240905 0.14555357564906 0.022704446240905417 0.03619053894359892
0 0.2511759579628132 0.12041223276633843 0.029410050121261116 0.024762327663384064
0 0.24119944704931282 0.14050545389435992 0.020468837510105094 0.04057267681289167
0 0.22597921746160066 0.13088568666069833 0.017199152789005658 0.02552396777081468
0 0.2204739240097009 0.11117328558639217 0.03302809377526273 0.02495003043867502
0 0.21376465319320934 0.13260027931960613 0.01651221341956346 0.036571358997314236
0 0.20473665642683908 0.13783971351835275 0.022878014551333873 0.039045786929274844
0 0.19174959094583666 0.13783971351835275 0.024770153597413094 0.037524311548791406
0 0.2015537558609539 0.11231574574753808 0.027522800323362972 0.029521675917636526
0 0.19002979789814065 0.10202999462846914 0.021329345189975746 0.04095349686660698
0 0.20378936459175423 0.09174424350940018 0.028896679062247372 0.03943202148612354
0 0.21978576232821342 0.09231637600716207 0.024421794664510915 0.021901665174574755
0 0.2393085303152789 0.09393531244404654 0.026313933710590136 0.039238904207699196
0 0.2568511527890056 0.1006023706356312 0.02184271624898949 0.029718402864816473
0 0.2599472691996766 0.08460431871083256 0.021155776879547294 0.022475602506714414
0 0.27999807599029913 0.09623828111011637 0.02585678900565885 0.044436827215756494
0 0.31016473726758287 0.07500620948970456 0.03091349393694422 0.04015756490599821
0 0.2951547453516572 0.07977999641897943 0.02883189652384802 0.03653526230975828
0 0.28564637995149555 0.053449267681289145 0.04190819078415521 0.03192932497761862
0 0.2712304316895715 0.06118298299015224 0.03328600161681487 0.029619136974037598
0 0.2611255780113177 0.0704002721575649 0.02853243007275667 0.028965786929274845
0 0.24522329830234435 0.07665402327663383 0.019317419563459982 0.03423048880931066
0 0.24165659175424414 0.056080716204118176 0.02704976556184317 0.02337080035810206
0 0.22902521907841553 0.06480528558639213 0.02020970735650768 0.028965786929274845
0 0.21758193371059015 0.06069206803939119 0.021697261115602263 0.03719402685765443
0 0.22813415359741313 0.035018299015219315 0.03626110913500404 0.029292461951656225
0 0.20138385448666124 0.055259516562220265 0.027344342764753435 0.03027790152193375
0 0.19157846725949879 0.0618417475380484 0.0219930606305578 0.023038710832587288
0 0.1920221665319321 0.07681645837063568 0.02942227324171382 0.026661013428827218
0 0.16898891835084884 0.09821457475380485 0.03447897817299919 0.027976737690241716
0 0.17522759902991109 0.06875606803939123 0.019615663702506062 0.034887448522829004
0 0.17389161196443007 0.046208272157564956 0.030614027485852867 0.022712035810205908
0 0.15561437995149555 0.06760277887197852 0.02020970735650768 0.03719402685765443
0 0.14595322554567502 0.06513196060877349 0.018722153597413096 0.030281511190689347
0 0.14877676637025058 0.041434485228290095 0.03507302182700081 0.024356239928379587
0 0.7111429814066289 0.3399396526410027 0.020647295068714634 0.028581357206803937
0 0.6879153856103476 0.3489349471799463 0.030666586903799514 0.03245272694717995
0 0.6553493257881973 0.3417878030438675 0.03628555537590946 0.022869056401074304
0 0.6526932417138238 0.32648822202327665 0.03339967663702506 0.020845837063563116
0 0.6692421244947453 0.3229579659803044 0.02246976232821342 0.02286544673231871
0 0.6834368342764753 0.31656885228290066 0.02444257396928052 0.031606259623992834
0 0.6876880355699272 0.29428997672336615 0.02778437510105093 0.03413122291853178
0 0.6743269426030719 0.2687335219337511 0.03233993209377526 0.021351190689346464
0 0.6671153015359742 0.2905936759176365 0.02368229587712207 0.03581513339301701
0 0.6489725238480194 0.30698518173679495 0.031430531932093775 0.026567162041181737
0 0.6464667841552142 0.2870616150402865 0.017914205335489087 0.03345982452999105
0 0.634929380759903 0.28815353983885406 0.02034416168148747 0.028581357206803937
0 0.6307539628132579 0.32161336436884513 0.023836307194826194 0.02185834914950761
0 0.6265027615198059 0.30648163294538944 0.020193817299919162 0.02891705640107431
0 0.6184575036378335 0.28437060698299016 0.017765083265966045 0.031106320501342884
0 0.6152684915117219 0.3086654825425246 0.018371350040420373 0.026231462846911368
0 0.6060058108326597 0.2976523831692032 0.01928075020210186 0.024042198746642793
0 0.5860430105092967 0.2922739767233662 0.02763158609539208 0.02807600358102059
0 0.6029708100242522 0.28352955416293646 0.01928075020210186 0.03009380841539839
0 0.6504160743734841 0.26638001790510296 0.0330965432497979 0.035143735004476276
0 0.6556524591754245 0.24838762399283798 0.03567928860145513 0.029086710832587286
0 0.6417621050929668 0.22712126051924802 0.0330965432497979 0.02420824350940018
0 0.6318907130153598 0.24746354879140553 0.01943353920776071 0.03329017009847807
0 0.6251374389652385 0.2626819122649955 0.01806821665319321 0.035138320501342885
0 0.6137503799514956 0.2620105138764548 0.017461949878738885 0.03816502775290958
0 0.6108669458367018 0.24099321754700087 0.03142686499595797 0.028415312444046555
0 0.5995544478577203 0.2566284977618622 0.01852047210994341 0.035809718889883616
0 0.5843733322554567 0.2681469507609669 0.016701671786580437 0.0349686660698299
0 0.5827012093775262 0.24973583527305282 0.02914725303152789 0.02606000358102059
0 0.5842963265966047 0.22897121575649063 0.021099550525464833 0.027574259623992837
0 0.6407756992724333 0.1923186392121755 0.02565877445432498 0.036991885407341094
0 0.6306781794664511 0.20072194807520147 0.02641905254648343 0.04102569024171889
0 0.6192923427647534 0.2019853321396598 0.024898496362166532 0.03413122291853178
0 0.6180028035569928 0.1786163366159355 0.0311237316087308 0.023706499552372428
0 0.583155909458367 0.1860107430617726 0.03522214389652385 0.023706499552372428
0 0.5841447599029911 0.17584230617726057 0.03780488924818109 0.017483430617726052
0 0.591961445432498 0.15978288988361686 0.03765210024252223 0.02168688988361683
0 0.5632676701697655 0.15986771709937336 0.02246976232821342 0.03329017009847807
0 0.5489996216653192 0.18281799104744847 0.04250956831042846 0.02168688988361683
0 0.5396623799514956 0.1586909650850492 0.03355246564268391 0.03329017009847807
0 0.5288045820533549 0.15389912981199647 0.028241519805982215 0.02807600358102059
0 0.5691885497170573 0.2148483867502238 0.02459536297493937 0.04068999104744852
0 0.550212155214228 0.20610576902417185 0.02125722877930477 0.028584966875559538
0 0.5354845173807599 0.21072794986571175 0.022772895715440583 0.032449117278424346
0 0.5194685626515764 0.18895623276633844 0.022315751010509297 0.035981178155774396
0 0.5147614389652384 0.21215737869292753 0.02353317380759903 0.014797837063563114
0 0.5148360000000001 0.22569363652640997 0.029454053354890864 0.022363702775290956
0 0.5373057623282134 0.23737632945389434 0.03704583346806791 0.02152264995523724
0 0.5603830137429264 0.2553596991942704 0.030969720291026674 0.023890592658907788
0 0.5391282295877122 0.25418294717994633 0.02155669523039612 0.022547795881826323
0 0.5209084462409054 0.2433467215756491 0.0330965432497979 0.017319190689346464
0 0.5208338852061439 0.25435982094897047 0.03386048827809216 0.015129926589077887
0 0.5178734454324979 0.2648657618621307 0.03188400970088925 0.015299581020590869
0 0.5490741827000809 0.2727619122649955 0.02353317380759903 0.022040637421665177
0 0.519846257073565 0.2799974932855864 0.03188400970088925 0.025724304386750222
0 0.5263721810832659 0.29269269829901523 0.04068343411479386 0.01849955237242614
0 0.5905973451899758 0.3153921002685766 0.03522214389652385 0.020845837063563116
0 0.5701003945028295 0.2953855111906894 0.02004102829426031 0.03362586929274844
0 0.5569678738884398 0.2982407591763652 0.02353317380759903 0.0329544709042077
0 0.5477051932093776 0.3087503097582811 0.03203313177041229 0.02774391405550582
0 0.5264504090541634 0.3185884619516562 0.01806821665319321 0.030263462846911372
0 0.5469473597413096 0.32304098836168305 0.032643065481002424 0.025052905998209488
0 0.6045647049312853 0.33279250850492387 0.029454053354890864 0.025388605192479857
0 0.5767803298302345 0.3278328236347359 0.03006032012934519 0.026231462846911368
0 0.5697972611156022 0.33867626857654437 0.0291509199676637 0.02202800358102059
0 0.5457336038803556 0.3465796383169203 0.03203313177041229 0.02606000358102059
0 0.5455050315278901 0.3618792193375112 0.03036345351657235 0.01631209310653536
0 0.5667598156831043 0.3603667681289167 0.018524139046079226 0.035809718889883616
0 0.5792115084882781 0.3689433410922112 0.015182337914308812 0.03749362936436885
0 0.6172425254648343 0.3419574574753805 0.031729998383185125 0.018831641897940912
0 0.5984922586903799 0.3533910832587287 0.021859828617623284 0.03261877170993733
0 0.6166350363783346 0.36322562578334827 0.03173366531932094 0.024713597135183528
0 0.5902159838318513 0.36784961145926587 0.01624452708164915 0.03362947896150403
0 0.5561330347615199 0.37591902596239923 0.03310021018593371 0.02185834914950761
0 0.6085873338722717 0.3923123366159355 0.028694997574777687 0.027740304386750222
0 0.6154970638641876 0.38146889167412706 0.03674270008084075 0.02118153625783348
0 0.6422938108326596 0.3805430116383169 0.03415873241713824 0.025724304386750222
0 0.6531467194826193 0.40206566159355417 0.03006032012934519 0.027068905998209488
0 0.6528435860953921 0.42341685228290066 0.03218714308811641 0.02337080035810206
0 0.6376612481810833 0.43569153088630264 0.023076029102667744 0.03547401969561325
0 0.6255151333872272 0.4107234521038496 0.03491901050929669 0.04169708863025962
0 0.6138273856103476 0.44199581736794985 0.03188400970088925 0.026231462846911368
0 0.6025931156022636 0.42677925872873773 0.02034416168148747 0.03547401969561325
0 0.5956846079223929 0.4100520537153089 0.028694997574777687 0.029592064458370638
0 0.5833869264349232 0.3913882614145031 0.031729998383185125 0.02085125156669651
0 0.5521837445432498 0.3997933751119069 0.02246976232821342 0.04136138943598926
0 0.564709998383185 0.4082002936436884 0.01624452708164915 0.042704186213070726
0 0.5840677542441389 0.4259400107430618 0.02459536297493937 0.030429507609668754
0 0.5767057687954729 0.4387994556848702 0.032643065481002424 0.025218950760966873
0 0.5786027970897332 0.495464035810206 0.027328452708164915 0.03127597493285587
0 0.5940882683912692 0.4639371888988362 0.03006032012934519 0.024042198746642793
0 0.5792860695230396 0.4657871441360788 0.023836307194826194 0.033456214861235456
0 0.567142399353274 0.4593150080572963 0.020800084074373486 0.038334682184422555
0 0.5481623379143088 0.42694710832587285 0.029907531123686337 0.02774391405550582
0 0.5376859013742926 0.3998763974932856 0.025355641067097815 0.03413122291853178
0 0.5324495165723524 0.3712950402864817 0.02611102991107518 0.030434922112802146
0 0.5223519967663702 0.3950863670546106 0.019587550525464837 0.04539338943598926
0 0.5180347906224737 0.3526294431512981 0.024616142279708975 0.03649555595344673
0 0.5045123524656426 0.371630739480752 0.03339967663702506 0.022699401969561325
0 0.4986672562651577 0.3525482256042972 0.03719862247372676 0.015465625783348255
0 0.5037545189975748 0.3408637278424351 0.036135210994341145 0.018326288272157563
0 0.4891026645109135 0.32909259803043867 0.0344618658043654 0.019333385854968663
0 0.4782473112368634 0.36364615219337515 0.03552527728375101 0.025224365264100268
0 0.4759713662085691 0.3456555631154879 0.029454053354890864 0.022869056401074304
0 0.46458552950687143 0.33943610384959716 0.02793471948261924 0.018495942703670547
0 0.4484913468067906 0.35465085765443155 0.034615877122069524 0.017654889883616832
0 0.4274626903799515 0.3543133536257834 0.021103217461600647 0.031106320501342884
0 0.43178967502021015 0.37356552193375114 0.020954095392077605 0.034632966875559536
0 0.4207069717057397 0.38718480214861234 0.022473429264349233 0.03396517815577439
0 0.41569671463217456 0.36120782094897047 0.024288562651576393 0.03816502775290958
0 0.39679365885206147 0.3696977618621307 0.024139440582053355 0.03564547896150403
0 0.35079194502829425 0.3150564010743062 0.02991119805982215 0.03127597493285587
0 0.3694664284559418 0.3207723115487914 0.025351974130962004 0.03362947896150403
0 0.3779688310428456 0.33615491495076094 0.029001797898140665 0.017654889883616832
0 0.39299837995149556 0.34994204476275736 0.03324933225545675 0.02437789794091316
0 0.41493643654001616 0.3390985998209489 0.03765210024252223 0.020845837063563116
0 0.4010460824575586 0.33102738048343777 0.031729998383185125 0.02051555237242614
0 0.440292077607114 0.33161756132497766 0.023382829426030722 0.03177771888988362
0 0.4215418108326596 0.32438739480752016 0.026568174616006465 0.020008393912264996
0 0.3971737978981406 0.3188375290957923 0.031277742926434926 0.024042198746642793
0 0.385787961196443 0.302025496866607 0.017001138237671787 0.03884003581020591
0 0.39649052546483426 0.3007657224709043 0.019587550525464837 0.030599162041181738
0 0.4030188940986257 0.2751226356311549 0.0311237316087308 0.019672694717994627
0 0.42678064025869034 0.3074887305282005 0.02672218593371059 0.020179853178155772
0 0.4266290735650768 0.2927775255147717 0.031575987065481 0.03009380841539839
0 0.4405952109943411 0.29706581199641896 0.016698004850444623 0.0339615684870188
0 0.4519077089733225 0.31715722829006265 0.015335126919967664 0.035809718889883616
0 0.46359667906224733 0.3116091674127126 0.019887016976556184 0.029422410026857655
0 0.4812847566693613 0.3071530313339301 0.023379162489894908 0.027233145926589077
0 0.5140011608730801 0.3180813034914951 0.017461949878738885 0.03060457654431513
0 0.5023879741309619 0.311944866606983 0.017307938561034762 0.027740304386750222
0 0.49828956184316897 0.28277332855863924 0.022772895715440583 0.03127597493285587
0 0.48659814713015354 0.28083854610564013 0.024288562651576393 0.025052905998209488
0 0.48614344704931284 0.26032660340196956 0.0340096103476152 0.02303510116383169
0 0.46731739692805174 0.28697678782452996 0.02580789652384802 0.03799898299015219
0 0.44583404042037184 0.2768029364368845 0.025355641067097815 0.03749362936436885
0 0.4258712400970089 0.26747374753804837 0.027328452708164915 0.031606259623992834
0 0.42875467421180274 0.25023938406445834 0.02641905254648343 0.03076520680393912
0 0.4639768181083266 0.24864210564010744 0.026717296685529506 0.029592064458370638
0 0.44446749555375903 0.24511184959713517 0.03719862247372676 0.026561747538048342
0 0.4535761649151172 0.21938574037600717 0.017461949878738885 0.02286544673231871
0 0.43269907518189166 0.2040861593554163 0.025504763136620857 0.0329544709042077
0 0.6067135295068715 0.7490757529095792 0.022182518997574778 0.02875101163831692
0 0.6127859757477768 0.7663083115487913 0.01823322877930477 0.03530436526410027
0 0.6116553371059014 0.7969941056401075 0.024143107518189166 0.025724304386750222
0 0.5978334324979789 0.7813570205908684 0.022028507679870656 0.03211341808415398
0 0.6001937170573969 0.8063250993733215 0.02004102829426031 0.025560064458370634
0 0.5872103185125302 0.7984217296329454 0.020800084074373486 0.031606259623992834
0 0.5989017332255456 0.8294432229185318 0.02717444139046079 0.025052905998209488
0 0.5756729151172191 0.8012805872873768 0.015937726758286176 0.0319419588182632
0 0.5771152433306387 0.8207006051924799 0.03370647696038803 0.024713597135183528
0 0.5941946095392078 0.8520559928379589 0.015028326596604689 0.019503040286481647
0 0.617196077607114 0.8968646159355416 0.02914725303152789 0.029422410026857655
0 0.6007229781729991 0.9040099552372426 0.02778437510105093 0.027574259623992837
0 0.589185574777688 0.8948468111011638 0.030214331447049315 0.025049296329453897
0 0.586672501212611 0.870046581915846 0.029166810024252223 0.02689744673231871
0 0.5771922489894906 0.8572701593554162 0.02596190784155214 0.035981178155774396
0 0.5643604171382376 0.850207842435094 0.024292229587712207 0.03732758460161146
0 0.5630721002425222 0.8777821020590869 0.02687130800323363 0.026226048343777977
0 0.5652722619240097 0.8962780447627575 0.02155669523039612 0.027909958818263206
0 0.5516080355699273 0.895772691136974 0.023985429264349233 0.028581357206803937
0 0.5407539046079224 0.8764375004476276 0.026874974939369443 0.015129926589077887
0 0.559419831851253 0.9162846338406445 0.03296331123686338 0.018156633840644584
0 0.5798483330638641 0.9264548755595344 0.03370647696038803 0.03144201969561325
0 0.5831033500404204 0.9489864279319605 0.04085700242522231 0.017990589077887198
0 0.5607937105901374 0.9341903957027753 0.03142686499595797 0.022363702775290956
0 0.5578344931285367 0.948143570277529 0.02459536297493937 0.019672694717994627
0 0.5314912239288601 0.9198166947179947 0.026265041228779304 0.03362586929274844
0 0.520712876313662 0.921580017905103 0.022315751010509297 0.02774391405550582
0 0.5103892287793048 0.9061125872873769 0.021709484236054972 0.029422410026857655
0 0.4887543055780113 0.9009002256042972 0.028544653193209375 0.027404605192479857
0 0.4669678156831043 0.8749214395702775 0.028391864187550523 0.027909958818263206
0 0.46286940339531124 0.8976208415398389 0.01806821665319321 0.017488845120859447
0 0.48412296523848014 0.8579271190689346 0.03084015521422797 0.02891705640107431
0 0.501886826192401 0.8576058585496866 0.015941393694421987 0.029256365264100265
0 0.5206285367825384 0.8538229256938227 0.018839495553759095 0.021692304386750225
0 0.5336168245755861 0.8561764297224708 0.022012617623282136 0.024717206803939122
0 0.5338453969280518 0.8353287878245299 0.027328452708164915 0.025052905998209488
0 0.5146404300727566 0.8392795702775291 0.02595824090541633 0.018495942703670547
0 0.48237872594987874 0.8397849239033125 0.028540986257073565 0.016140633840644583
0 0.4967176685529507 0.8294432229185318 0.01261914955537591 0.015976393912264995
0 0.46294396443007274 0.85457915129812 0.017917872271624898 0.03329377976723366
0 0.4429787194826192 0.8575968343777978 0.028391864187550523 0.019820691136974038
0 0.4385686176232821 0.8415482470904209 0.0223365303152789 0.027072515666965082
0 0.47144636701697656 0.8212889811996419 0.0291509199676637 0.02286544673231871
0 0.48974071139854486 0.8125445586392122 0.01685568310428456 0.03631687735004476
0 0.5057591107518189 0.8137213106535363 0.02156036216653193 0.025895763652641002
0 0.5219278544866612 0.8118731602506714 0.024139440582053355 0.017488845120859447
0 0.522991265966047 0.8018689632945389 0.027477574777687953 0.024713597135183528
0 0.5026446596604689 0.7975824816472694 0.02474937429264349 0.018156633840644584
0 0.4798717639450283 0.8027948433303491 0.013512659660468877 0.028581357206803937
0 0.4597549523039612 0.8039697905102955 0.027328452708164915 0.016812032229185318
0 0.430150554567502 0.8170006947179945 0.03765210024252223 0.02807600358102059
0 0.3947756216653193 0.8237255076096687 0.03583207760711399 0.027740304386750222
0 0.39545889409862567 0.810949085049239 0.02565510751818917 0.030099222918531784
0 0.4125382603071948 0.7991779552372426 0.029757186742118025 0.017990589077887198
0 0.40153134033953114 0.7776571101163833 0.02232064025869038 0.03413122291853178
0 0.41762430072756673 0.7754714556848701 0.022623773645917545 0.024713597135183528
0 0.435539728375101 0.7606772282900626 0.026568174616006465 0.025724304386750222
0 0.4599089636216653 0.7734536508504924 0.027328452708164915 0.03547401969561325
0 0.46802878253839936 0.7861488558639212 0.020496950687146322 0.02252974753804834
0 0.47486272918350847 0.763786957923008 0.015634593371059016 0.03261335720680394
0 0.49071856103476147 0.7658029579230081 0.028253742926434924 0.03329017009847807
0 0.4949025351657236 0.7776589149507609 0.027477574777687953 0.030429507609668754
0 0.5103122231204527 0.7784151405550582 0.02155669523039612 0.028584966875559538
0 0.4870772934518997 0.7438633912264995 0.029166810024252223 0.0189976866606983
0 0.4443464866612773 0.7357921718889885 0.018371350040420373 0.03816502775290958
0 0.4561882457558609 0.7325976150402865 0.01260325949878739 0.03278842614145031
0 0.46346711398544865 0.7341948934646375 0.02354906386418755 0.03362586929274844
0 0.43235193856103477 0.7257879749328559 0.021714373484236056 0.03530797493285586
0 0.4081367146321746 0.7307494646374216 0.030671476151980598 0.03480262130707252
0 0.3916623928860145 0.744368744852283 0.03173366531932094 0.02303510116383169
0 0.37594957154405817 0.7594986714413607 0.023079696038803558 0.03749362936436885
0 0.41921941794664513 0.6998976257833484 0.020647295068714634 0.03967747896150403
0 0.4391088795472918 0.6920790832587288 0.025201629749393696 0.022699401969561325
0 0.39310594341147936 0.6731626141450312 0.03279340986257073 0.026567162041181737
0 0.41625286661277283 0.6484490170098478 0.03387271139854487 0.02185834914950761
0 0.42939149878738886 0.6655155308863027 0.02550965238480194 0.029086710832587286
0 0.4566429458367017 0.6765268254252462 0.03415873241713824 0.016812032229185318
0 0.4674970767987065 0.7075465138764547 0.025504763136620857 0.021351190689346464
0 0.48669470978173 0.7196533428827216 0.03204902182700081 0.031106320501342884
0 0.4668162489894907 0.6893880752014324 0.019583883589329023 0.033120515666965084
0 0.47910659660468874 0.6803079534467323 0.025367864187550528 0.03749362936436885
0 0.4567199514955538 0.6636637708146823 0.028241519805982215 0.019672694717994627
0 0.4531520226354082 0.6470159785138765 0.032643065481002424 0.02875101163831692
0 0.4655254874696847 0.6244050134288271 0.03826203395311237 0.02118153625783348
0 0.4605152303961196 0.6369305640107431 0.027328452708164915 0.020344093106535364
0 0.4775114793856103 0.6439928809310652 0.029469943411479384 0.021351190689346464
0 0.4886772999191592 0.6559282506714414 0.014728860145513339 0.019001296329453892
0 0.42794794826192395 0.585987308863026 0.018977616814874698 0.021015491495076095
0 0.5062138108326597 0.6277656150402864 0.021863495553759094 0.035981178155774396
0 0.5128106289409863 0.6719858621307072 0.027498354082457557 0.030263462846911372
0 0.5240461212611156 0.6761911262309759 0.0256746645109135 0.025218950760966873
0 0.5425702603071948 0.6815731423455684 0.022918350848827807 0.048768429722470905
0 0.5257231333872272 0.709649145926589 0.036895489086499596 0.02051555237242614
0 0.5532716022635408 0.7155329059982095 0.020052029102667745 0.0349686660698299
0 0.5622372611156022 0.6809829615040286 0.023989096200485047 0.03547401969561325
0 0.5293008407437348 0.6418036168307969 0.02720255456750202 0.025792888093106536
0 0.5570082101859336 0.64279266606983 0.026951980598221504 0.028862911369740375
0 0.5274025901374293 0.6114968379588183 0.02787849312853678 0.01936948254252462
0 0.5368669523039612 0.6181548719785138 0.017323828617623282 0.016140633840644583
0 0.5430616297493938 0.5954590796777081 0.028257409862570734 0.020380189794091317
0 0.524662166531932 0.5896078066248881 0.018419020210185936 0.03248521396598031
0 0.5544560226354082 0.5837583384064459 0.026964203718674213 0.026431799462846912
0 0.554265341956346 0.604033847806625 0.024434017784963624 0.016140633840644583
0 0.5672108488278091 0.6256214717994628 0.03133396928051738 0.01533567770814682
0 0.5738614486661276 0.6355083545210385 0.015121222312045272 0.014525307072515667
0 0.5806905060630557 0.5884978334825425 0.03498012611156023 0.02098119964189794
0 0.5605614713015359 0.5716515094001791 0.027873603880355702 0.023607233661593553
0 0.5526249991915926 0.5520798854073411 0.03099049959579628 0.02360362399283796
0 0.5761251705739692 0.5554098048343779 0.033900824575586096 0.026628526410026856
0 0.5926166046887631 0.575889260519248 0.018419020210185936 0.02360362399283796
0 0.6018242813257882 0.56125927305282 0.017853089733225545 0.03268194091316025
0 0.6076473759094584 0.5886999749328558 0.01896539369442199 0.029458506714413607
0 0.6114805464834276 0.5375527735004475 0.03643956669361358 0.02400610205908684
0 0.6203093063864188 0.5509717170993734 0.026802858528698462 0.03308802864816472
0 0.6316951430881164 0.5571243974932857 0.032445050929668554 0.027238560429722468
0 0.6332535909458367 0.5824444189794091 0.027873603880355702 0.02824565801253357
0 0.6457333969280517 0.5748785532676813 0.028055728375101053 0.030465604297224707
0 0.6601248989490703 0.5709440143240825 0.024777487469684722 0.02784317994628469
0 0.6501043848019401 0.5381573930170099 0.024050211802748585 0.03732758460161146
0 0.6404505642683913 0.5041633375111907 0.018581587712206953 0.03308802864816472
0 0.6251374389652385 0.5114259910474486 0.020419945028294258 0.03389839928379588
0 0.6169381697655618 0.4961931888988362 0.025161293451899755 0.03288769203222918
0 0.6188596443007276 0.46380904565801256 0.0180352142279709 0.03268555058191585
0 0.6273314890864996 0.4589684798567592 0.019676779304769604 0.03227765801253357
0 0.638526645109135 0.4714777869292748 0.018783269199676638 0.03228307251566696
0 0.6510076734033953 0.45725208236347353 0.0262528181083266 0.04095710653536258
0 0.6839929862570735 0.5796216580125335 0.030242444624090543 0.025823570277529094
0 0.6971096168148747 0.6124064744852282 0.03862628294260307 0.038132540734109224
0 0.6983844882780922 0.6322813106535362 0.041176025869038 0.023004418979409132
0 0.6906338075990299 0.6502376078782452 0.03518180759902991 0.022194048343777976
0 0.6697811641067098 0.6295560107430617 0.024414460792239287 0.042166345568487015
0 0.6525563427647535 0.6092786965085049 0.020966318512530318 0.0238039606087735
0 0.6432741050929669 0.6168463670546105 0.027146328213419564 0.038132540734109224
0 0.6526467938561034 0.6422674592658908 0.02005691835084883 0.02239438495971352
0 0.635710438156831 0.6285471083258729 0.024777487469684722 0.031678452999104746
0 0.6170286208569119 0.6149278281110118 0.02679919159256265 0.025424701880035813
0 0.6344270105092966 0.6584080931065354 0.021879385610347614 0.03732758460161146
0 0.6268670105092966 0.6474112372426142 0.019515434114793857 0.03107022381378693
0 0.6193057881972514 0.6382318495971351 0.017505953112368633 0.03490549686660698
0 0.5994578852061438 0.640650327663384 0.016030622473726757 0.021991906893464638
0 0.5930798609539208 0.6065552014324083 0.035707401778496364 0.02440858012533572
0 0.5863400323362975 0.6173481110116382 0.03388493451899757 0.0197719606087735
0 0.7500565076798706 0.7467619552372425 0.022287637833468068 0.03932373142345568
0 0.5887125400161681 0.7100353804834378 0.0260181341956346 0.033652941808415396
0 0.5902404300727566 0.7331571136974038 0.032138250606305575 0.018885786929274843
0 0.5820423831851254 0.7488970743061772 0.033229775262732415 0.019853178155774392
0 0.5804020404203718 0.763786957923008 0.027328452708164915 0.023966395702775287
0 0.57581225869038 0.7784223598925695 0.01595850606305578 0.009708204118173679
0 0.5591973710590137 0.7626968379588184 0.02164470169765562 0.0295397242614145
0 0.5698009280517381 0.7355792014324082 0.02054951010509297 0.030505310653536257
0 0.5688157445432498 0.7100353804834378 0.02033193856103476 0.03316924619516562
0 0.5523096426839127 0.735581006266786 0.02623692805173808 0.022273461056401073
0 0.5351471592562652 0.7394541808415398 0.02251865481002425 0.03922085586392122
0 0.5302273532740501 0.7545859122649954 0.02710965885206144 0.03462394270367054
0 0.5317576879547292 0.784001102954342 0.020113144704931286 0.0276013321396598
0 0.515142800323363 0.7594282829006268 0.018362793856103475 0.02057691674127126
0 0.5090239062247373 0.7370320931065354 0.027983611964430073 0.03437848522829006
0 0.5169542667744543 0.6991450098478067 0.018977616814874698 0.019266606982990153
0 0.031066894098625703 0.622917829901522 0.025504763136620857 0.02824565801253357
0 0.043093222312045265 0.6419859051029543 0.026964203718674213 0.02239438495971352
0 0.01831451253031526 0.6592347072515666 0.024777487469684722 0.02663394091316025
0 0.03735446725949878 0.6741642972247092 0.020950428455941795 0.025421092211280215
0 0.05784163945028293 0.669928350940018 0.02734800970088925 0.024610721575649062
0 0.20812368310428456 0.33430856938227393 0.031220294260307195 0.02353143061772605
0 0.16442969442198868 0.376581400179051 0.02416388682295877 0.029056028648164724
0 0.16823475181891673 0.3903811638316921 0.028621658852061437 0.021208608773500445
0 0.22635813419563458 0.3668479283795882 0.02623326111560226 0.03805673769024172
0 0.21520820371867422 0.36786765980304387 0.022825455133387226 0.034284633840644584
0 0.19448390299110746 0.3896556204118174 0.03279340986257073 0.016266972247090422
0 0.3022612675828617 0.8202006660698299 0.022646997574777686 0.01331245837063563
0 0.34559345189975743 0.8167678710832588 0.03036345351657235 0.016535892569382274
0 0.3529945513338723 0.8401657439570277 0.03251472271624899 0.012891931960608774
0 0.3519201390460792 0.8299395523724262 0.03213458367016977 0.016252533572068042
0 0.3692537461600647 0.808781478961504 0.022268080840743738 0.02998190868397493
0 0.3562226774454325 0.7940684691136973 0.02125722877930477 0.02802185854968666
0 0.3581197057396928 0.76871054610564 0.01796309781729992 0.022417847806624886
0 0.9511146160064672 0.4036142094897045 0.04533555375909458 0.04727402685765443
0 0.7769938205335488 0.7502525049239033 0.017150260307194826 0.03278842614145031
0 0.7937590525464835 0.7212488164726948 0.03219936620856911 0.03362586929274844
0 0.7770647146321745 0.69401206087735 0.038868300727566696 0.024883251566696508
0 0.7659074502829426 0.6778714270367056 0.03537126596604689 0.02387254431512981
0 0.7446441099434115 0.6543327770814683 0.026280931285367824 0.0319419588182632
0 0.7684107453516572 0.6644199964189794 0.03674270008084075 0.029252755595344675
0 0.7353899854486661 0.6134749364368846 0.025355641067097815 0.04405059265890779
0 0.6775379563459983 0.5461437851387646 0.01929664025869038 0.04017380841539839
0 0.698875857720291 0.5538720859444943 0.022772895715440583 0.035138320501342885
0 0.7169379628132578 0.588591684870188 0.023091919159256263 0.034972275738585495
0 0.7283983605497171 0.5570648379588182 0.023242263540824575 0.03547401969561325
0 0.738724452708165 0.5714403437779767 0.023852197251414714 0.03665257654431513
0 0.7544433856103476 0.5834641504028648 0.018524139046079226 0.03615083258728737
0 0.7636217267582862 0.6203694037600717 0.02263599676637025 0.034632966875559536
0 0.7845807113985449 0.6428991512981199 0.04022995634599838 0.025895763652641002
0 0.808105329021827 0.628608472694718 0.03417584478577203 0.023876153983885404
0 0.7925440743734842 0.6198658549686661 0.032203033144704934 0.0329544709042077
0 0.7806265319320939 0.6092732820053716 0.0238485303152789 0.03698827573858549
0 0.7747044300727566 0.5740483294538944 0.020815974130962006 0.03413122291853178
0 0.7684046337914309 0.554713138764548 0.033722367016976555 0.025049296329453897
0 0.7934559191592563 0.5405903097582812 0.01914262894098626 0.029086710832587286
0 0.7936074858528699 0.5669029901521933 0.026131809215844785 0.03362586929274844
0 0.804918761519806 0.5696752157564907 0.02780148746968472 0.029422410026857655
0 0.8216179886822959 0.5722832014324082 0.03265528860145513 0.042372096687555955
0 0.806444206952304 0.539832279319606 0.021103217461600647 0.031606259623992834
0 0.8397693225545675 0.549332927484333 0.028237852869846404 0.03783293822739481
0 0.8249646790622474 0.5231050743061773 0.016850793856103476 0.033120515666965084
0 0.8107699692805174 0.5146133285586392 0.0170048051738076 0.02689744673231871
0 0.7473845335489087 0.5426081145926589 0.03324933225545675 0.019333385854968663
0 0.7698481843168957 0.5342860232766338 0.035695178658043655 0.019503040286481647
0 0.778659831851253 0.5163784565801253 0.03841115602263541 0.030099222918531784
0 0.7911836410670978 0.5082224100268578 0.024898496362166532 0.018495942703670547
0 0.7860218172999192 0.49763164189794085 0.024898496362166532 0.022194048343777976
0 0.745563288601455 0.5247005478961504 0.03203313177041229 0.02824565801253357
0 0.721651198059822 0.5223470438675023 0.023382829426030722 0.04001317815577439
0 0.7125339725141471 0.49478000358102064 0.0334192336297494 0.030949299910474484
0 0.7188411026677446 0.46703247985675916 0.03780488924818109 0.023536845120859445
0 0.7205877865804365 0.44567767949865716 0.03339967663702506 0.026567162041181737
0 0.775929186742118 0.4728314127126231 0.018674483427647534 0.037829328558639214
0 0.7513338237671787 0.4566889740376007 0.03537615521422797 0.022699401969561325
0 0.7632415877122068 0.44559285228290063 0.020663185125303154 0.017319190689346464
0 0.7623395214227972 0.4275192408236347 0.01852047210994341 0.03429726768128916
0 0.8058281616814874 0.4874595953446732 0.018084106709781732 0.03917212533572068
0 0.7969480646725949 0.4719921647269472 0.0276474761519806 0.03144201969561325
0 0.7946696750202102 0.4539167484333035 0.02461247534357316 0.03665257654431513
0 0.8173741212611156 0.48888902417188895 0.018977616814874698 0.044386291853178154
0 0.8336113144704931 0.49796734109221125 0.02111910751818917 0.02420824350940018
0 0.8454542958771221 0.47888482721575654 0.020812307194826192 0.02807600358102059
0 0.8388501438965238 0.4634155917636526 0.02248565238480194 0.03816502775290958
0 0.828374929668553 0.44550982990152194 0.02977307679870655 0.03530797493285586
0 0.8141789975747777 0.43407620411817366 0.030226554567502024 0.0309348612354521
0 0.8172164430072756 0.41692666786034027 0.03903453516572352 0.022869056401074304
0 0.8539652546483427 0.4495454395702775 0.032643065481002424 0.03530436526410027
0 0.8540398156831043 0.4248300376007162 0.023076029102667744 0.03362586929274844
0 0.8434044785772029 0.4031395380483438 0.028257409862570734 0.03765967412712623
0 0.858064889248181 0.389605085049239 0.018977616814874698 0.026733206803939123
0 0.8688359029911075 0.3994396275738586 0.026280931285367824 0.02589034914950761
0 0.8709700598221504 0.3736341056401074 0.026265041228779304 0.03379552372426141
0 0.8798501568310428 0.31638295434198743 0.034309076798706546 0.038334682184422555
0 0.8833423023443815 0.29931644046553274 0.03188400970088925 0.037157930170098476
0 0.8633489442198868 0.35431515846016115 0.03841115602263541 0.026733206803939123
0 0.8314649345189976 0.36877368666069826 0.04053797898140663 0.03547943419874664
0 0.8228109652384802 0.3946658406445837 0.04508864672594987 0.022699401969561325
0 0.7941917510105093 0.41122880572963294 0.02611102991107518 0.04001317815577439
0 0.7776428682295877 0.4262757099373321 0.01822100565885206 0.03984713339301701
0 0.7774913015359741 0.4005496007162041 0.024288562651576393 0.030770621307072518
0 0.8109692061438966 0.37255842435094005 0.024139440582053355 0.039341779767233666
0 0.7831078253839936 0.3682701378692928 0.027025319320937755 0.027068905998209488
0 0.767547793047696 0.37154952193375107 0.02323004042037187 0.027574259623992837
0 0.7508461212611156 0.37457442435094 0.029001797898140665 0.023876153983885404
0 0.7611697687954728 0.4045761862130707 0.01928441713823767 0.01699612533572068
0 0.7485689539207762 0.3924819910474486 0.02353317380759903 0.028079613249776186
0 0.7505429878738884 0.42064462667860336 0.015638260307194826 0.03362586929274844
0 0.7399919902991108 0.4220722506714414 0.01822100565885206 0.040518531781557746
0 0.733006476960388 0.4055092855863921 0.023985429264349233 0.03463657654431513
0 0.7181284947453517 0.407864594449418 0.019126738884397736 0.04068999104744852
0 0.7008951172190785 0.4087886696508505 0.02323004042037187 0.03614541808415398
0 0.6765271042845594 0.41064042972247095 0.024292229587712207 0.03682223097582811
0 0.7220007793047696 0.37255842435094005 0.02778437510105093 0.03698827573858549
0 0.7289056200485045 0.36213370098478065 0.03006032012934519 0.03665618621307073
0 0.7519840937752628 0.35473388003581025 0.028544653193209375 0.025554649955237242
0 0.7825015586095392 0.34582341271262307 0.038868300727566696 0.03429726768128916
0 0.7979882522231205 0.26469791226499556 0.03977770088924818 0.0448934503133393
0 0.7966974907033144 0.2896659910474485 0.04265991269199677 0.029592064458370638
0 0.7667129539207761 0.23687278066248882 0.03522214389652385 0.04068457654431513
0 0.7630680194017785 0.25780705461056397 0.025812785772029105 0.04825405192479856
0 0.7319442877930477 0.25814275380483437 0.04068710105092967 0.022363702775290956
0 0.7363470557801131 0.23519247985675917 0.03006032012934519 0.03161167412712623
0 0.7224554793856103 0.23308804297224708 0.022623773645917545 0.03984713339301701
0 0.7074956022635408 0.23191309579230077 0.019138962004850442 0.04085423097582811
0 0.6958873047696039 0.2318300734109221 0.023836307194826194 0.037663283795881825
0 0.7235934518997574 0.20803874664279323 0.035828410670978174 0.02774391405550582
0 0.6909540533548908 0.20988870188003583 0.037955233629749396 0.0189976866606983
0 0.6854866515763945 0.19677477529095797 0.03886463379143088 0.020344093106535364
0 0.6713677251414714 0.2232535004476276 0.026115919159256266 0.04170069829901522
0 0.6578550654810025 0.20585309221128023 0.02034416168148747 0.043209539838854075
0 0.7001372837510105 0.25990788182632046 0.04023484559417947 0.021186950760966876
0 0.7016541729991916 0.278234170098478 0.03780488924818109 0.01849233303491495
0 0.7346761552142279 0.2813457045658012 0.023379162489894908 0.03278842614145031
0 0.7599572352465642 0.2995853607878245 0.03567928860145513 0.0339615684870188
0 0.7160786774454324 0.2855473589973142 0.038108022635408245 0.019672694717994627
0 0.7192664672594988 0.2995023384064458 0.03507302182700081 0.0189976866606983
0 0.7497827097817299 0.3185848522829006 0.02292201778496362 0.042704186213070726
0 0.7349792886014551 0.32581682363473585 0.02004102829426031 0.04270779588182632
0 0.7197223896523848 0.32497035631154875 0.019890683912691998 0.03498129991047449
0 0.70241445109135 0.3194277099373321 0.02201750687146322 0.03362586929274844
0 0.41918886014551326 0.19391411280214865 0.023076029102667744 0.02875101163831692
0 0.4627618399353274 0.20349778334825425 0.023989096200485047 0.024042198746642793
0 0.4872044139046079 0.22148837242614142 0.029454053354890864 0.02639570277529096
0 0.49115370412287795 0.20921369382273944 0.03006032012934519 0.02740821486123545
0 0.47111145351657235 0.19324271441360785 0.028237852869846404 0.02202800358102059
0 0.5067907421180274 0.1923186392121755 0.01943353920776071 0.036991885407341094
0 0.49600994987873886 0.18441526947179948 0.017914205335489087 0.03732758460161146
0 0.480371689571544 0.17920290778871978 0.017307938561034762 0.036991885407341094
0 0.4862925691188359 0.1639033267681289 0.017307938561034762 0.027233145926589077
0 0.4992735230396119 0.15793473948075198 0.03415873241713824 0.02673681647269472
0 0.4937327825383993 0.14137357923008062 0.03431274373484236 0.02152264995523724
0 0.4854601746160065 0.12725075022381377 0.033855599029911074 0.02286544673231871
0 0.508310075990299 0.13304968307967774 0.025504763136620857 0.038500726947179945
0 0.5456565982215037 0.1206919820948971 0.03370647696038803 0.03631687735004476
0 0.5175678674211803 0.11388595165622203 0.03006032012934519 0.03446692211280215
0 0.49001328698464025 0.10228267144136076 0.028694997574777687 0.033456214861235456
0 0.4730109264349232 0.10791555953446737 0.0311237316087308 0.024883251566696508
0 0.46420294583670174 0.14162625604297224 0.03324933225545675 0.017319190689346464
0 0.46253448989490703 0.15599995702775296 0.030517464834276475 0.02387254431512981
0 0.45964983346806787 0.17718510295434198 0.03749808892481811 0.02286544673231871
0 0.4363440097008892 0.17878238137869296 0.02246976232821342 0.021692304386750225
0 0.4405194276475344 0.15247150581915844 0.0174570606305578 0.03362586929274844
0 0.42199651091350043 0.15784991226499556 0.02140635084882781 0.03867038137869293
0 0.45015980274858525 0.11514572605192476 0.02459536297493937 0.03968289346463742
0 0.4396858108326597 0.07672621665174571 0.025201629749393696 0.022699401969561325
0 0.42237664995957963 0.1349844655326768 0.03674270008084075 0.017488845120859447
0 0.4129648472109943 0.11253954521038492 0.023076029102667744 0.043209539838854075
0 0.392088979789814 0.07033710295434198 0.02353317380759903 0.02740821486123545
0 0.39641474211802746 0.14624843688451206 0.03188400970088925 0.024547552372426142
0 0.4033990331447049 0.15978469471799459 0.034309076798706546 0.018326288272157563
0 0.38495312206952303 0.16726573321396596 0.02778070816491512 0.018495942703670547
0 0.3929213742926435 0.18407776544315133 0.03036345351657235 0.02152264995523724
0 0.39269524656426835 0.20122910653536258 0.030210664510913497 0.025554649955237242
0 0.4175179595796281 0.22863551656222023 0.02156036216653193 0.03261335720680394
0 0.4052960614389652 0.22754178692927485 0.021103217461600647 0.03211341808415398
0 0.3905696459175424 0.22199372605192477 0.02353317380759903 0.02740821486123545
0 0.40689117865804364 0.2546124977618621 0.02125356184316896 0.029422410026857655
0 0.38851982861762324 0.25730350581915845 0.019126738884397736 0.02337080035810206
0 0.38897697332255454 0.24115926230975832 0.037955233629749396 0.020008393912264996
0 0.3718951624898949 0.2435145711727843 0.020193817299919162 0.03615083258728737
0 0.361342942603072 0.21434483795881829 0.018823605497170576 0.03698827573858549
0 0.377817264349232 0.2146805371530886 0.022012617623282136 0.030263462846911372
0 0.37159202910266775 0.18298584064458367 0.032643065481002424 0.02303510116383169
0 0.3517795731608731 0.195765872873769 0.023989096200485047 0.025388605192479857
0 0.35519349070331446 0.23342735183527308 0.020800084074373486 0.03278842614145031
0 0.34137769765561843 0.2183768379588182 0.030517464834276475 0.02252974753804834
0 0.33257216168148745 0.19862292569382273 0.028087508488278092 0.025052905998209488
0 0.3206558415521423 0.2045897081468219 0.02459536297493937 0.02017443867502238
0 0.30486356992724334 0.21291360429722467 0.03006032012934519 0.01564069471799463
0 0.31875881325788197 0.224935606087735 0.025052507679870654 0.030263462846911372
0 0.3343188455941794 0.23863610384959716 0.03218714308811641 0.020344093106535364
0 0.3610398092158448 0.2604114306177261 0.01913040582053355 0.038334682184422555
0 0.3412261309620048 0.2520911441360788 0.028087508488278092 0.02303510116383169
0 0.31374855618431685 0.24553057117278426 0.02717444139046079 0.025724304386750222
0 0.340694425222312 0.29773721038495976 0.03036345351657235 0.029252755595344675
0 0.33196589490703315 0.27638601969561327 0.02474937429264349 0.0339615684870188
0 0.3150380953920776 0.2758788612354521 0.01579227162489895 0.03631687735004476
0 0.3058524203718674 0.2715905747538048 0.013209526273241715 0.036486531781557745
0 0.2968953177041229 0.262766739480752 0.014422059822150364 0.038334682184422555
0 0.28194032983023437 0.2547803473589973 0.02884411964430073 0.026733206803939123
0 0.25969791754244137 0.26612734109221126 0.025048840743734844 0.029256365264100265
0 0.23715359417946644 0.31430017547000894 0.02763158609539208 0.031106320501342884
0 0.26022962328213417 0.29235699910474483 0.024292229587712207 0.0309348612354521
0 0.27450256103476156 0.2863902166517458 0.017307938561034762 0.03177771888988362
0 0.28710337590945834 0.2868937654431513 0.01487920452708165 0.033456214861235456
0 0.3014508746968472 0.29740151119068936 0.025052507679870654 0.034300877350044764
0 0.28596418108326593 0.31102079140555056 0.023836307194826194 0.029927763652641
0 0.26410190784155213 0.3201749113697404 0.02353317380759903 0.030788669650850493
0 0.28277394664510913 0.3239686732318711 0.017765083265966045 0.030263462846911372
0 0.2654684527081649 0.3352218155774396 0.02687130800323363 0.028599405550581915
0 0.30395416976556183 0.32817213249776184 0.026414163298302346 0.03564547896150403
0 0.2743485497170574 0.35439818084153984 0.016701671786580437 0.03698827573858549
0 0.2904439547291835 0.35708738406445834 0.024292229587712207 0.03564547896150403
0 0.3065356928051738 0.3643193554162937 0.022772895715440583 0.026902861235452106
0 0.34168327566693607 0.35162415040286477 0.027481241713823767 0.033456214861235456
0 0.360052181083266 0.37037096508504924 0.033855599029911074 0.02253335720680394
0 0.3418348423605497 0.39079808057296334 0.015335126919967664 0.03581513339301701
0 0.3290054551333872 0.3750797779767233 0.028544653193209375 0.02286544673231871
0 0.30904143249797894 0.3916409382273948 0.028391864187550523 0.027068905998209488
0 0.2924167663702506 0.37986980841539836 0.02793838641875505 0.020008393912264996
0 0.26835188682295874 0.3905454037600716 0.025355641067097815 0.029927763652641
0 0.278598528698464 0.39928982632050136 0.027328452708164915 0.02689744673231871
0 0.2710104155214228 0.4183723401969562 0.022166628940986255 0.028079613249776186
0 0.2882413484236055 0.40282008236347355 0.017760194017784964 0.025218950760966873
0 0.3030447696038803 0.4032406087735005 0.030666586903799514 0.0159709794091316
0 0.29727545675020206 0.418792866606983 0.029757186742118025 0.024883251566696508
0 0.31291127243330635 0.419132175470009 0.01821733872271625 0.029927763652641
0 0.32741278253839934 0.4025692103849597 0.016547660468876315 0.03211341808415398
0 0.34927383346806784 0.40584859444941807 0.020796417138237672 0.029592064458370638
0 0.3485905610347615 0.44106993733213967 0.010933581244947454 0.017654889883616832
0 0.3374332966855295 0.4290479355416294 0.025052507679870654 0.029592064458370638
0 0.3226286531932094 0.4384637564905998 0.016698004850444623 0.031270560429722476
0 0.30752209862570734 0.4503197135183527 0.03324933225545675 0.022699401969561325
0 0.32976573322554564 0.45813825604297226 0.02034782861762328 0.03665257654431513
0 0.3432771705739693 0.4575498800358102 0.015788604688763135 0.02976352372426141
0 0.3584570638641876 0.45620166875559537 0.027328452708164915 0.025724304386750222
0 0.3578507970897332 0.43274784601611466 0.02884778658043654 0.02891705640107431
