0 0.7042949208211144 0.4421808961748635 0.01491350146627566 0.05732931147540984
0 0.7249397067448681 0.39722666666666673 0.03588640469208211 0.02506351912568306
0 0.763632211143695 0.4086616830601093 0.037611870967741934 0.03038810928961749
0 0.7411517419354838 0.4265180327868853 0.01815666862170088 0.05168891803278689
0 0.7197506392961878 0.43575956284153006 0.01772466862170088 0.05388485245901639
0 0.7448269090909091 0.48760760655737706 0.03674913782991202 0.029132240437158473
0 0.7673061114369502 0.4542450710382514 0.030264070381231672 0.04699348633879782
0 0.781358146627566 0.42792813114754097 0.03069100293255132 0.042604065573770486
0 0.8027567155425219 0.4265180327868853 0.01901940175953079 0.057953573770491804
0 0.838640586510264 0.3699696612021858 0.04712600586510264 0.04887606557377049
0 0.8326964692082112 0.40584148633879785 0.03956030498533725 0.035396896174863385
0 0.8244808680351906 0.43622959562841535 0.028315636363636362 0.04041302732240437
0 0.8617684222873899 0.41555304918032787 0.026803002932551317 0.056702601092896175
0 0.7976778651026394 0.48760760655737706 0.025291636363636363 0.05670994535519126
0 0.8308595190615836 0.4758592349726776 0.020317935483870966 0.05764511475409836
0 0.8734412903225807 0.44672454644808746 0.028533536656891498 0.0344568306010929
0 0.8592841055718474 0.47351151912568307 0.028747636363636364 0.05357639344262296
0 0.8546359882697948 0.5122010928961749 0.03372007038123167 0.026938754098360655
0 0.8828452082111437 0.4877642841530055 0.023561102639296186 0.045737617486338804
0 0.9051090439882697 0.4763317158469945 0.0239918357771261 0.0548200218579235
0 0.8779804574780059 0.5331909945355192 0.034587870967741935 0.044486644808743175
0 0.8935463929618768 0.5444693333333334 0.019887202346041057 0.05576253551912568
0 0.8696584398826979 0.5710996284153005 0.02745290322580645 0.049495431693989074
0 0.8428554369501466 0.5291173770491804 0.039987237536656894 0.022556677595628415
0 0.852582404692082 0.5535566338797814 0.016644035190615837 0.035088437158469946
0 0.8317247859237537 0.557784480874317 0.015563401759530793 0.04104463387978142
0 0.8173484340175953 0.5472870819672131 0.013614967741935484 0.032581595628415304
0 0.7895712140762463 0.567496043715847 0.03372007038123167 0.02850553005464481
0 0.7465549090909092 0.5513606994535519 0.03285733724340176 0.05262898360655738
0 0.7353140410557185 0.5167422950819672 0.030694803519061585 0.04103728961748634
0 0.7276393900293255 0.5421191693989071 0.01232150146627566 0.038530448087431696
0 0.7134822052785923 0.519719169398907 0.013832868035190616 0.05513582513661203
0 0.696515120234604 0.5084432786885246 0.023996903225806453 0.042604065573770486
0 0.668736633431085 0.5147054863387978 0.037181137829912024 0.02631449180327869
0 0.6711145337243402 0.5358545136612022 0.032425337243401756 0.025998688524590162
0 0.6422579472140763 0.5283339890710383 0.035668504398826975 0.044802448087431695
0 0.6204261114369501 0.5427483278688524 0.0378259706744868 0.022872480874316942
0 0.6892737360703813 0.552144087431694 0.022911202346041055 0.038530448087431696
0 0.7011607038123167 0.5580978360655738 0.022480469208211142 0.04417084153005465
0 0.7152114721407625 0.6614756721311474 0.03024760117302053 0.0492408306010929
0 0.6577123988269794 0.5737631475409837 0.019455202346041058 0.044802448087431695
0 0.6396646803519062 0.57313643715847 0.02788490322580645 0.04291986885245901
0 0.6153434604105572 0.5723506010928963 0.02420973607038123 0.0438623825136612
0 0.6320964457478006 0.6105725901639345 0.033937970674486805 0.032581595628415304
0 0.6019438592375367 0.6138628196721312 0.038910404692082116 0.02788126775956284
0 0.6181546275659824 0.71113512568306 0.022911202346041055 0.045744961748633885
0 0.6056164926686217 0.7526448961748635 0.019887202346041057 0.050437945355191256
0 0.5521181700879766 0.6929629726775957 0.02961417008797654 0.03884625136612022
0 0.5854062404692082 0.6414307322404371 0.020532035190615836 0.031639081967213115
0 0.5777315894428152 0.6077548415300547 0.028533536656891498 0.04511335519125683
0 0.5953498416422287 0.5809703169398908 0.01577750146627566 0.053569049180327864
0 0.5877841407624633 0.5313133114754098 0.021834369501466278 0.05012703825136612
0 0.6011875425219941 0.518935781420765 0.025291636363636363 0.050437945355191256
0 0.5963240586510263 0.46991038251366124 0.026372269794721407 0.04511335519125683
0 0.5727629560117302 0.443904349726776 0.03285733724340176 0.033210754098360655
0 0.5751383225806451 0.47538920218579245 0.02118573607038123 0.05168891803278689
0 0.6708256891495601 0.2661634098360656 0.024314885630498537 0.03870181420765027
0 0.6801611964809384 0.28331226229508194 0.013460410557184752 0.03398190163934426
0 0.6989386275659825 0.27749071038251366 0.018454381231671556 0.05128743169398907
0 0.6534582756598241 0.26503239344262297 0.01606634604105572 0.03020695081967213
0 0.6322902756598241 0.24491401092896173 0.02713492082111437 0.05345398907103825
0 0.6461839530791789 0.23972161748633883 0.01932091495601173 0.026084371584699454
0 0.6629014662756598 0.24319790163934424 0.018454381231671556 0.03366609836065574
0 0.6906913548387097 0.2370580983606558 0.014544844574780058 0.03335274316939891
0 0.7039325982404693 0.2526205901639345 0.015412645161290322 0.029927868852459016
0 0.7029558475073313 0.22399020765027328 0.023884152492668623 0.03237350819672131
0 0.7196733607038124 0.25594019672131146 0.024314885630498537 0.03460861202185792
0 0.6094956246334311 0.25971514754098357 0.017146979472140764 0.05726810928961749
0 0.6241494193548387 0.26254513661202195 0.01606634604105572 0.04216096174863388
0 0.6559539941348974 0.28990740983606567 0.03581926099706745 0.03149464480874317
0 0.6969838592375366 0.30974181420765035 0.036690862170087976 0.03335274316939891
0 0.7925078005865103 0.34592699453551917 0.04059913196480938 0.049084153005464475
0 0.7671072140762464 0.3777056174863389 0.03842899706744868 0.033977005464480875
0 0.7308534193548387 0.37503230601092896 0.039727530791788854 0.023599562841530055
0 0.7358448563049853 0.3572542950819672 0.03886099706744868 0.03208953005464481
0 0.7470337829912024 0.32844765027322415 0.03388349560117302 0.03432953005464481
0 0.7125079882697947 0.3361566775956284 0.03733949560117302 0.040241661202185794
0 0.6802701466275659 0.3226114098360657 0.035387260997067446 0.033357639344262294
0 0.6521534076246335 0.3204105792349727 0.021708950146627565 0.044680043715846995
0 0.6541094428152493 0.34120708196721317 0.034302826979472144 0.028943737704918034
0 0.6255049618768328 0.3088776393442624 0.020753736070381234 0.054511562841530053
0 0.6091852434017596 0.3104468633879782 0.014482768328445746 0.041353092896174865
0 0.5965394252199413 0.3243887213114754 0.016858134897360703 0.05106955191256831
0 0.5762214897360703 0.3333168961748634 0.01815666862170088 0.054511562841530053
0 0.6220451612903225 0.3470996284153006 0.031126803519061587 0.032581595628415304
0 0.6702492668621701 0.3638592349726776 0.03631713782991203 0.024123453551912567
0 0.6907863695014662 0.36840288524590165 0.015999202346041054 0.04448174863387978
0 0.6939193196480938 0.40443138797814204 0.019669302052785925 0.036339409836065574
0 0.6750063343108506 0.41978334426229513 0.020753736070381234 0.043230775956284155
0 0.6636577829912024 0.3934688524590164 0.03609543695014663 0.037595278688524594
0 0.6421489970674487 0.3774901857923497 0.03717607038123167 0.026938754098360655
0 0.5910285747800587 0.35775125683060116 0.014482768328445746 0.05200472131147541
0 0.5702773724340175 0.3707530491803279 0.021399835777126102 0.05106220765027323
0 0.6453921642228739 0.4540859453551912 0.023343202346041057 0.04291497267759563
0 0.6409594134897361 0.4230735737704919 0.03090890322580645 0.025998688524590162
0 0.61956084457478 0.4146129836065574 0.0244238357771261 0.046053420765027324
0 0.5963240586510263 0.4166522404371584 0.01686193548387097 0.05075374863387978
0 0.6118874604105572 0.42949490710382515 0.02118573607038123 0.029452939890710385
0 0.6108042932551321 0.45737862295081977 0.015131401759530792 0.043230775956284155
0 0.6519861818181818 0.4872966994535519 0.035668504398826975 0.026006032786885246
0 0.62042357771261 0.4965382295081968 0.016213302052785924 0.05388485245901639
0 0.6694929501466276 0.47727178142076504 0.028319436950146624 0.04730439344262295
0 0.6750063343108506 0.4581620109289618 0.023779002932551318 0.05106220765027323
0 0.6911106862170088 0.4434343169398907 0.015349302052785924 0.04730439344262295
0 0.5707942521994136 0.2259217486338798 0.04042303812316715 0.02631449180327869
0 0.6073280234604105 0.22185057923497278 0.02788490322580645 0.055767431693989074
0 0.5904635542521994 0.21010465573770495 0.023129102639296188 0.02349674316939891
0 0.5737143695014664 0.20101735519125688 0.03588133724340176 0.03227068852459016
0 0.6093778064516129 0.18283051366120218 0.03155880351906158 0.04796537704918033
0 0.6280779589442815 0.18723217486338803 0.023561102639296186 0.057960918032786884
0 0.6381279765395894 0.20321084153005473 0.026803002932551317 0.047936000000000006
0 0.6590970791788856 0.2180903169398907 0.020749935483870968 0.020674098360655736
0 0.659204762463343 0.19976393442622953 0.025722369501466273 0.03101481967213115
0 0.6787663812316715 0.21871702732240444 0.022911202346041055 0.05200472131147541
0 0.6960603167155425 0.18629210928961756 0.028533536656891498 0.05921189071038251
0 0.6703379472140762 0.18488201092896175 0.019887202346041057 0.031330622950819675
0 0.6630940293255132 0.1571574207650274 0.04258430498533724 0.05168891803278689
0 0.6835209149560117 0.13663755191256838 0.02507373607038123 0.0520096174863388
0 0.6713096304985336 0.1229943606557378 0.024427636363636363 0.03731619672131148
0 0.6375895601173021 0.14618998907103822 0.022266369501466276 0.04918697267759563
0 0.6381279765395894 0.11862452459016394 0.038910404692082116 0.024123453551912567
0 0.6408314604105573 0.09434194535519123 0.03263943695014663 0.029448043715846993
0 0.6146758240469208 0.15073363934426234 0.034369970674486806 0.041353092896174865
0 0.6152142404692083 0.11140021857923502 0.030694803519061585 0.03417774863387978
0 0.5961948387096775 0.13852013114754097 0.01858866862170088 0.054511562841530053
0 0.5847386041055719 0.1106192786885246 0.01815666862170088 0.028853158469945354
0 0.5703622521994135 0.1226956939890711 0.0209678357771261 0.052944786885245905
0 0.5616095014662756 0.10654566120218581 0.013832868035190616 0.022586054644808742
0 0.5797661700879765 0.16138526775956286 0.016431202346041056 0.059525245901639344
0 0.5524196832844575 0.1501069289617486 0.03912450439882698 0.026938754098360655
0 0.5554487507331378 0.1737627978142077 0.03609923753665689 0.03477263387978142
0 0.5398828152492668 0.17752061202185798 0.030046170087976536 0.04291986885245901
0 0.5207519296187683 0.1917586885245902 0.02118573607038123 0.024463737704918033
0 0.5412890322580646 0.1273960218579235 0.035018604105571845 0.028512874316939888
0 0.5476651495601172 0.10122107103825143 0.01750676832844575 0.026351213114754097
0 0.5579330674486803 0.08557044808743165 0.03674533724340176 0.030072306010928963
0 0.5301558475073314 0.09542399999999997 0.0205358357771261 0.02916896174863388
0 0.5155653958944282 0.16013429508196728 0.03155880351906158 0.056394142076502736
0 0.5017299941348974 0.10953967213114763 0.032853536656891495 0.04354657923497268
0 0.49578841055718476 0.09354631693989077 0.02745290322580645 0.03041993442622951
0 0.482601642228739 0.0871225355191257 0.023561102639296186 0.02446863387978142
0 0.46552180645161295 0.07820904918032788 0.030046170087976536 0.02976384699453552
0 0.4380714369501466 0.0749212677595629 0.03437377126099707 0.035088437158469946
0 0.46736129032258067 0.11503318032786886 0.03588640469208211 0.04257468852459016
0 0.47341435777126106 0.14227549726775965 0.032425337243401756 0.03947296174863388
0 0.48973407624633436 0.14869927868852456 0.03566343695014663 0.03477263387978142
0 0.4953538768328446 0.16592891803278698 0.03523270381231671 0.03477263387978142
0 0.4720068739002933 0.1847277814207651 0.01837456891495601 0.03227068852459016
0 0.49686651026392964 0.19443689617486337 0.03090890322580645 0.0366552131147541
0 0.5049731612903225 0.23124878688524594 0.03372387096774194 0.046988590163934425
0 0.47687289149560114 0.2276476502732241 0.02334700293255132 0.050437945355191256
0 0.47233372434017595 0.2635170273224044 0.020317935483870966 0.05764511475409836
0 0.4566613724340176 0.2580333114754098 0.0175118357771261 0.06234299453551913
0 0.4418542873900293 0.24738413114754107 0.01858866862170088 0.0498112349726776
0 0.42629088563049855 0.25411637158469946 0.02723500293255132 0.03884625136612022
0 0.3955948152492669 0.2417461857923498 0.03155880351906158 0.027254557377049182
0 0.40337714956011733 0.21871702732240444 0.01253433431085044 0.0344568306010929
0 0.4137514838709678 0.2137057923497268 0.015563401759530793 0.04699348633879782
0 0.4549333724340176 0.20086067759562845 0.025291636363636363 0.04825180327868852
0 0.4382868035190616 0.20054732240437156 0.020100035190615838 0.049495431693989074
0 0.42229140175953084 0.19334260109289622 0.02226256891495601 0.04887116939890711
0 0.4430413372434018 0.16827663387978148 0.03090890322580645 0.020047387978142078
0 0.43212605278592375 0.14932354098360653 0.03631713782991203 0.0366552131147541
0 0.40575378299120235 0.15480725683060112 0.02118573607038123 0.05075374863387978
0 0.3915965982404693 0.20289748633879784 0.02788490322580645 0.048560262295081966
0 0.387272797653959 0.18034080874316943 0.03177163636363636 0.038530448087431696
0 0.387272797653959 0.14227549726775965 0.023561102639296186 0.027570360655737706
0 0.41418601759530793 0.12770937704918037 0.037611870967741934 0.03978631693989071
0 0.40845600000000004 0.09982810928961758 0.039987237536656894 0.031639081967213115
0 0.3618734780058651 0.14995025136612028 0.032425337243401756 0.027254557377049182
0 0.3518221935483871 0.18284520218579237 0.029610369501466276 0.029137136612021858
0 0.33453079178885636 0.15997761748633885 0.02745290322580645 0.025998688524590162
0 0.38846238123167154 0.060506928961748675 0.01426866862170088 0.044486644808743175
0 0.3720337126099707 0.07444878688524595 0.019887202346041057 0.04918697267759563
0 0.34825597653958945 0.05847012021857927 0.03285733724340176 0.03602850273224044
0 0.31972370674486805 0.055495693989071025 0.023779002932551318 0.027565464480874314
0 0.29875333724340175 0.05267549726775959 0.02118573607038123 0.026938754098360655
0 0.263304 0.045159868852459 0.037181137829912024 0.026319387978142077
0 0.36036084457478007 0.10233250273224052 0.03372387096774194 0.03477753005464481
0 0.32512560703812315 0.08510041530054649 0.03372007038123167 0.03414592349726776
0 0.34533712609970674 0.12849276502732243 0.0205358357771261 0.049502775956284155
0 0.33081761876832844 0.1272711693989072 0.028764105571847505 0.05242824043715847
0 0.3182034721407625 0.12429674316939894 0.026610439882697946 0.048178360655737704
0 0.33237965982404694 0.21073626229508194 0.03462967741935484 0.027200699453551913
0 0.3032443636363637 0.23524896174863386 0.033066369501466276 0.038256262295081965
0 0.2969860645161291 0.1619899453551913 0.03189325513196481 0.037977180327868856
0 0.27919171847507335 0.21441818579234972 0.03345656304985337 0.0413775737704918
0 0.27069740762463346 0.26514990163934427 0.022291706744868037 0.0544136393442623
0 0.25035033431085046 0.21866806557377053 0.03130669794721408 0.034006382513661206
0 0.24878702639296188 0.13322491803278694 0.025442392961876833 0.056394142076502736
0 0.2304175249266862 0.13421884153005462 0.01759924926686217 0.045348371584699454
0 0.23540009384164226 0.17091812021857927 0.033046099706744866 0.024091628415300548
0 0.2085147448680352 0.18097731147540982 0.03402158357771261 0.023242142076502735
0 0.2075367272727273 0.22036948633879785 0.030113313782991202 0.054979147540983604
0 0.19687101466275664 0.26387200000000005 0.032677442815249265 0.030326907103825136
0 0.22904678005865106 0.322112 0.019166357771260998 0.05157875409836066
0 0.2367708387096774 0.37354631693989077 0.02248807038123167 0.02919344262295082
0 0.2125218299120235 0.38842824043715857 0.0318729853372434 0.040241661202185794
0 0.24615702052785923 0.4020298142076504 0.03382902052785924 0.025501726775956284
0 0.23685825219941353 0.42640052459016403 0.02543732551319648 0.032872918032786885
0 0.3172368563049853 0.5046193661202186 0.0234648211143695 0.04930692896174863
0 0.31674784750733137 0.4578584480874317 0.03343502639296188 0.0396712568306011
0 0.28712227565982407 0.44708931147540987 0.035977618768328445 0.04477796721311476
0 0.25270669794721407 0.467496568306011 0.03168042228739003 0.030605989071038252
0 0.22689564809384163 0.487896480874317 0.01798944281524927 0.03967860109289618
0 0.21164516129032257 0.48818045901639345 0.016032140762463343 0.05044284153005464
0 0.19042775366568918 0.5066047650273223 0.03226697947214076 0.019836852459016396
0 0.182995073313783 0.5362192786885246 0.016229771260997068 0.04449398907103825
0 0.14467122580645161 0.3892752786885246 0.017402885630498532 0.048178360655737704
0 0.12746343695014664 0.37723313661202196 0.02874256891495601 0.02182225136612022
0 0.06929039296187683 0.370432349726776 0.03206934897360704 0.03769320218579235
0 0.12687687976539588 0.30709053551912574 0.03617524926686217 0.031737005464480876
0 0.09216358944281527 0.24206443715846993 0.023112633431085043 0.039962579234972685
0 0.11182655718475074 0.2314862513661203 0.026761196480938415 0.04583554098360656
0 0.1467007390029326 0.18124170491803276 0.017029161290322583 0.0464304262295082
0 0.13615664516129034 0.15861648087431698 0.017029161290322583 0.039962579234972685
0 0.08324107917888562 0.16390434972677598 0.01905740762463343 0.04466290710382514
0 0.7326979706744868 0.2672650491803279 0.029090956011730205 0.0503400218579235
0 0.7279219002932551 0.22541989071038251 0.03343122580645161 0.04341927868852459
0 0.7548427214076247 0.24178045901639342 0.021708950146627565 0.06041390163934426
0 0.7596175249266862 0.29116327868852465 0.037775296187683285 0.04653814207650273
0 0.7838234604105572 0.30486767213114757 0.04233346627565983 0.03429770491803279
0 0.8350591671554252 0.33142207650273225 0.03495146041055718 0.052859103825136616
0 0.7798075073313783 0.25670889617486337 0.02865515542521994 0.046849049180327874
0 0.7803497243401759 0.21612205464480883 0.04059913196480938 0.04691025136612022
0 0.8040134428152492 0.21500817486338794 0.03798939589442815 0.04027348633879781
0 0.8132412668621701 0.24096279781420762 0.03516936070381232 0.050024218579234975
0 0.7294408680351907 0.19958767213114753 0.04559310263929619 0.03964677595628416
0 0.7031737478005865 0.1584034972677596 0.02822315542521994 0.04530675409836066
0 0.7195644105571848 0.14973481967213115 0.029308856304985337 0.06258535519125684
0 0.7456136304985337 0.16799755191256835 0.04146566568914956 0.04499095081967213
0 0.7658048797653959 0.18058806557377055 0.03582306158357771 0.06513136612021858
0 0.7889251143695014 0.18357473224043722 0.03821109677419355 0.04090509289617487
0 0.8265927272727273 0.1728765901639344 0.03755739589442815 0.03649608743169399
0 0.842874439882698 0.20399422950819676 0.038425196480938416 0.054117420765027326
0 0.8110685982404692 0.2735590819672131 0.016932879765395894 0.048452546448087434
0 0.8278925278592375 0.2740315628415301 0.016714979472140762 0.05254330054644809
0 0.8437409736070381 0.24492869945355192 0.033649126099706744 0.04090509289617487
0 0.8446125747800587 0.2843820765027323 0.01932091495601173 0.05820817486338798
0 0.861653137829912 0.27780896174863395 0.026917020527859235 0.03870181420765027
0 0.8654524574780058 0.3197814207650273 0.02279465102639296 0.05978229508196722
0 0.8861833900293256 0.2982602841530055 0.029526756598240472 0.047510032786885245
0 0.876959366568915 0.2719702732240437 0.013674510263929619 0.02520306010928962
0 0.8919374780058651 0.2605009836065574 0.030611190615835778 0.022967956284153004
0 0.9132118944281525 0.2417829071038252 0.04233346627565983 0.04090509289617487
0 0.8755468152492668 0.24602789071038259 0.03473862756598241 0.044366688524590164
0 0.8833620879765397 0.21079012021857926 0.04255136656891496 0.05505748633879781
0 0.9148410791788857 0.27873433879781423 0.01910808211143695 0.05188231693989071
0 0.9008384516129033 0.29558452459016393 0.012810510263929618 0.03335274316939891
0 0.8945434134897361 0.33711632786885243 0.030175390029325514 0.05978229508196722
0 0.9203772668621701 0.3311405464480875 0.03104319061583578 0.04782583606557377
0 0.9314496422287389 0.2921229289617487 0.028437255131964812 0.054117420765027326
0 0.9432808680351906 0.2796939890710383 0.02865515542521994 0.03932607650273224
0 0.9616262991202347 0.17978264480874317 0.031914791788856305 0.030236327868852463
0 0.9377459472140762 0.17537853551912572 0.018885114369501466 0.023249486338797816
0 0.9167958475073313 0.18624804371584702 0.030825290322580644 0.060098098360655744
0 0.9091959413489736 0.1684553442622951 0.023879085043988273 0.02520306010928962
0 0.8895494428152493 0.17677639344262294 0.014114111436950147 0.033041836065573774
0 0.8755468152492668 0.161216349726776 0.03560136070381231 0.029543519125683062
0 0.8518830967741935 0.15415606557377057 0.022140950146627564 0.03366609836065574
0 0.8316943812316716 0.1546285464480875 0.025182686217008796 0.024542076502732237
0 0.7994540058651026 0.14613123497267766 0.027570721407624635 0.025797945355191258
0 0.7840413607038124 0.14393040437158466 0.015848445747800588 0.023278863387978143
0 0.7484374662756599 0.13400096174863396 0.026267120234604105 0.029920524590163936
0 0.7326967038123168 0.13195925683060117 0.015630545454545456 0.02457145355191257
0 0.7471325982404693 0.11605158469945363 0.03755739589442815 0.023599562841530055
0 0.688953219941349 0.1041073661202186 0.03147899120234604 0.024194448087431694
0 0.41921039296187684 0.7300833224043717 0.01606634604105572 0.045277377049180334
0 0.446890064516129 0.7507084590163936 0.017582780058651028 0.035548677595628415
0 0.46360757771261 0.7859339890710384 0.031914791788856305 0.039987060109289624
0 0.4879224633431085 0.7916135519125684 0.03104319061583578 0.03303693989071038
0 0.5207025219941349 0.7692576174863388 0.03278132551319648 0.03489259016393443
0 0.5452353079178885 0.7898533770491803 0.017146979472140764 0.022652153005464484
0 0.5593443519061584 0.792840043715847 0.015848445747800588 0.020456218579234974
0 0.5658585571847508 0.7994449836065574 0.03321712609970674 0.02233879781420765
0 0.5554386158357771 0.8356473005464481 0.0453701348973607 0.040618666666666664
0 0.5149497008797654 0.8403647650273225 0.03429775953079179 0.03992830601092897
0 0.5969042815249266 0.80923243715847 0.016280445747800586 0.0538016174863388
0 0.6969863929618768 0.8512367213114755 0.03582306158357771 0.03649608743169399
0 0.7338926217008798 0.8627182513661203 0.03104319061583578 0.05065582513661202
0 0.7576652903225807 0.8387784043715848 0.034733560117302054 0.04058928961748634
0 0.7778527390029326 0.8809393661202186 0.01606634604105572 0.04373508196721311
0 0.7566860058651026 0.9087986010928963 0.017150780058651026 0.03583510382513661
0 0.7133770557184751 0.9353872786885246 0.02214475073313783 0.034268327868852456
0 0.7726434017595308 0.9210586229508196 0.021708950146627565 0.04531899453551913
0 0.8028200586510263 0.8487005027322405 0.03343122580645161 0.040241661202185794
0 0.7652626627565983 0.7563733333333333 0.019974615835777126 0.04814163934426229
0 0.7930500175953079 0.749136786885246 0.037344563049853376 0.02233879781420765
0 0.7990194721407624 0.6890093114754098 0.02496858651026393 0.04373508196721311
0 0.9355745454545454 0.6388382076502731 0.01889018181818182 0.049052327868852455
0 0.685756926686217 0.9276782513661203 0.02138209970674487 0.03969084153005465
0 0.7045140879765396 0.9605707540983607 0.031885653958944285 0.03805796721311476
0 0.7397784633431085 0.9597555409836065 0.022882064516129032 0.026635191256830604
0 0.6488063577712609 0.9010357158469946 0.028513266862170088 0.03751693989071039
0 0.6619171143695015 0.9282217267759565 0.02629625806451613 0.033164240437158474
0 0.6439302052785923 0.920608174863388 0.015005982404692081 0.03533814207650273
0 0.6296729384164224 0.8939656393442623 0.013506017595307918 0.03099033879781421
0 0.6137117419354838 0.8847241092896176 0.028923730205278594 0.01902898360655738
0 0.41452933724340174 1.0809970710382515 0.03338941935483871 0.036429989071038255
0 0.43966261583577715 0.8173086775956284 0.02213208211143695 0.01032848087431694
0 0.41359059237536655 0.8080646994535519 0.027013302052785924 0.01141543169398907
0 0.38883103812316716 0.8039861857923498 0.027758217008797652 0.017396109289617486
0 0.36480499706744873 0.8009946229508197 0.024046310850439883 0.029903387978142078
0 0.315302357771261 0.7874028415300546 0.025509536656891495 0.028816437158469946
0 0.22489400586510266 0.7591323278688524 0.021005841642228736 0.036429989071038255
0 0.24571488563049854 0.6968774644808744 0.025135812316715543 0.03697101639344263
0 0.5958173137829913 0.279223956284153 0.027570721407624635 0.024542076502732237
0 0.5540640703812316 0.4714575737704919 0.017938768328445747 0.0363687868852459
0 0.5680058885630499 0.5038996284153006 0.015995401759530792 0.05044284153005464
0 0.5462817360703812 0.5198758469945355 0.02961417008797654 0.03790618579234973
0 0.562492504398827 0.5419624918032787 0.03523270381231671 0.023812546448087432
0 0.5230436832844575 0.6008634754098361 0.019024469208211145 0.04511335519125683
0 0.5192608328445748 0.5576278032786885 0.01750676832844575 0.043230775956284155
0 0.5315823343108503 0.5397690054644809 0.0209678357771261 0.04887606557377049
0 0.5322309677419356 0.4940313879781421 0.01534550146627566 0.037595278688524594
0 0.5167765161290323 0.45032813114754106 0.01470066862170088 0.048560262295081966
0 0.5391480351906159 0.44484686338797813 0.03134090322580645 0.027565464480874314
0 0.559683870967742 0.42056673224043717 0.030478170087976538 0.044797551912568304
0 0.5367701348973607 0.4075673879781421 0.01577750146627566 0.04699348633879782
0 0.5501722697947214 0.3861050054644809 0.01837456891495601 0.05106955191256831
0 0.553089853372434 0.3467887213114755 0.01772466862170088 0.054511562841530053
0 0.5348267683284458 0.3563436065573771 0.021399835777126102 0.046053420765027324
0 0.513965348973607 0.3998877377049181 0.015127601173020528 0.05420065573770492
0 0.4982955307917889 0.37090972677595635 0.030046170087976536 0.05075374863387978
0 0.35090371847507335 0.6070277595628416 0.019434932551319648 0.03694653551912568
0 0.35116849266862177 0.5786079125683061 0.030305876832844574 0.03488279781420765
0 0.3745775718475074 0.5770068633879781 0.03262296774193548 0.04417818579234973
0 0.39885825219941345 0.6173635846994536 0.03583192961876833 0.03332826229508196
0 0.508046568914956 0.639712174863388 0.024603730205278593 0.04599221857923498
0 0.4923590146627566 0.6034094863387979 0.0324418064516129 0.03435890710382514
0 0.4569628856304986 0.6065136612021859 0.03335521407624634 0.021961792349726776
0 0.4394029090909091 0.5894602841530054 0.02033947214076246 0.04417818579234973
0 0.5017971378299121 0.5494120218579235 0.032819331378299114 0.024542076502732237
0 0.502690275659824 0.5279692240437159 0.028898392961876834 0.025580065573770492
0 0.5073231906158358 0.505361136612022 0.028898392961876834 0.020666754098360655
0 0.48531652785923757 0.5708572677595629 0.02263882697947214 0.02092380327868853
0 0.4736322580645161 0.5420506229508197 0.01855826392961877 0.05167667759562841
0 0.45759504985337246 0.559216612021858 0.019967014662756598 0.03645446994535519
0 0.4283596715542522 0.559488349726776 0.02994988856304985 0.02661315846994536
0 0.12130521994134899 0.4446069508196721 0.02111859237536657 0.04307899453551913
0 0.4955654428152493 0.46686496174863384 0.033158850439882696 0.043407038251366124
0 0.43958153665689154 0.43999475409836064 0.029610369501466276 0.03565149726775956
0 0.44832668621700883 0.49838653551912565 0.025667894428152493 0.023254382513661204
0 0.4558151085043988 0.4647963278688525 0.027096914956011728 0.04289049180327869
0 0.46587526099706744 0.4290150819672131 0.02337234017595308 0.03953171584699453
0 0.4602706627565982 0.37876319125683067 0.023531964809384166 0.034620852459016395
0 0.409910357771261 0.43379374863387976 0.02014690909090909 0.05012214207650273
0 0.39003329032258066 0.429272131147541 0.01818200586510264 0.04779645901639344
0 0.304285724340176 0.39658771584699454 0.026023882697947216 0.044954229508196726
0 0.33040715542522 0.43405324590163935 0.035131354838709675 0.03772257923497268
0 0.3906553196480939 0.364424743169399 0.02442003519061584 0.042119344262295084
0 0.4090184868035191 0.37295143169398914 0.016937947214076245 0.046763366120218586
0 0.3383351788856305 0.34634072131147536 0.028876856304985335 0.038493726775956284
0 0.37825780645161294 0.3894858142076503 0.023552234604105573 0.04573272131147541
0 0.3627488797653959 0.3809566775956285 0.027825360703812318 0.047279912568306014
0 0.37603066275659824 0.32967414207650275 0.038345384164222875 0.020666754098360655
0 0.33067066275659823 0.29208375956284155 0.019967014662756598 0.05141473224043716
0 0.3480418768328446 0.3096487868852459 0.02800525513196481 0.046763366120218586
0 0.3471500058651027 0.27425433879781425 0.030502240469208214 0.025058622950819672
0 0.3784377008797654 0.27012196721311477 0.029610369501466276 0.04108135519125684
0 0.40392823460410554 0.2636614644808743 0.028542404692082114 0.023508983606557378
0 0.3975204457478006 0.30138649180327876 0.015685020527859236 0.056066098360655736
0 0.41258343695014665 0.320887956284153 0.021570862170087978 0.04030286338797814
0 0.4112380293255132 0.2836843715846994 0.014281337243401759 0.0330712131147541
0 0.42353672727272723 0.30112454644808745 0.016062545454545454 0.05709674316939891
0 0.44056968914956013 0.30538666666666664 0.018717888563049852 0.060972065573770495
0 0.4766714604105572 0.327216262295082 0.025315706744868036 0.047279912568306014
0 0.4937335601173021 0.29437516939890707 0.04020893841642229 0.035404240437158466
0 0.512970862170088 0.3106696393442623 0.021181935483870967 0.04667768306010929
0 0.5192392961876833 0.27745643715846996 0.028097736070381234 0.047928655737704925
0 0.5416108152492669 0.2924974863387979 0.030478170087976538 0.04542915846994536
0 0.5497174662756599 0.2672748415300547 0.02507373607038123 0.04197980327868853
0 0.5619338181818182 0.2531787540983606 0.018806568914956013 0.044486644808743175
0 0.5271305806451614 0.2483217486338798 0.01837456891495601 0.04228826229508197
0 0.5390175483870967 0.22764520218579232 0.03523650439882698 0.04354657923497268
